40, -73, 1 : 29499.31648005171
40, -73, 2 : 29431.375009854575
40, -73, 0 : 25806.88234574397
39, -74, 1 : 24383.71131576101
39, -73, 1 : 23913.10481044095
40, -74, 1 : 23659.37131903277
39, -73, 2 : 23412.953018723358
39, -74, 2 : 23412.950497716836
40, -73, 3 : 23371.363780249067
40, -74, 2 : 23211.949862442638
41, -73, 1 : 22646.28106851446
41, -74, 1 : 22645.82747520543
41, -74, 2 : 22564.468514371405
39, -72, 1 : 22512.199317415903
41, -73, 2 : 22171.49355226444
39, -72, 2 : 21990.31896734427
40, -72, 1 : 21561.69376427827
40, -72, 2 : 21060.929352833227
41, -72, 1 : 20715.948052944103
41, -72, 2 : 19492.558193379846
40, -74, 0 : 19100.54960280983
39, -73, 0 : 18889.53047916527
39, -74, 0 : 18889.51849118374
39, -73, 3 : 18374.586404947993
39, -74, 3 : 17969.472049846187
41, -73, 0 : 17929.67724490795
41, -74, 0 : 17929.189000979237
40, -74, 3 : 17569.95791546869
40, -72, 0 : 17374.68111438607
39, -72, 0 : 17373.307700904403
41, -74, 3 : 16891.897646278514
41, -72, 0 : 16862.758031409
41, -73, 3 : 16571.142462670417
40, -72, 3 : 15825.292074977853
41, -72, 3 : 14533.994430966623
40, -73, 4 : 12707.806992104235
39, -74, 4 : 11193.662358014584
41, -74, 4 : 10855.014863529594
40, -74, 4 : 10831.646162303621
41, -73, 4 : 10541.889271428345
40, -72, 4 : 10285.849095590711
41, -72, 4 : 9314.77497201019
39, -75, 2 : 2676.9253507834715
39, -75, 1 : 2622.5539464910266
41, -75, 2 : 2605.05428277475
40, -75, 2 : 2536.380498294232
40, -75, 1 : 2488.0467523113234
41, -75, 1 : 2488.0263424487684
41, -75, 3 : 2097.6540338869313
39, -75, 3 : 2027.0703430747876
97281