40750, -73991, 16 : 65.19279508508507
40750, -73991, 71 : 64.98016406717383
40750, -73991, 72 : 64.94722123341293
40750, -73991, 93 : 64.0937023586988
40750, -73991, 8 : 63.78673504410864
40750, -73991, 191 : 63.475275524914714
40750, -73991, 170 : 63.27911592388392
40750, -73991, 79 : 63.2057432486892
40750, -73991, 77 : 62.97065120775917
40749, -73991, 72 : 62.76850200059003
40749, -73991, 71 : 62.587316414905104
40750, -73991, 86 : 62.58432161183593
40749, -73991, 93 : 62.54239436886752
40750, -73991, 15 : 62.32826594942169
40749, -73991, 16 : 62.29382571412621
40750, -73991, 78 : 62.205479023585625
40749, -73991, 77 : 61.67090667573836
40750, -73991, 51 : 61.339980936594806
40749, -73991, 79 : 61.25612645065798
40750, -73991, 171 : 61.238157632242945
40750, -73991, 9 : 61.20371739694747
40750, -73991, 76 : 61.182753775463254
40750, -73991, 352 : 61.139329130960256
40750, -73991, 49 : 61.128847320218156
40750, -73991, 58 : 61.09590448645726
40749, -73991, 191 : 61.07793566804222
40750, -73991, 94 : 61.06895125883471
40750, -73991, 156 : 61.06146425116177
40749, -73991, 86 : 61.053977243488845
40750, -73991, 50 : 61.04948503888509
40750, -73991, 17 : 60.97611236369036
40750, -73991, 85 : 60.974614962155776
40750, -73991, 80 : 60.922205908445264
40750, -73991, 57 : 60.922205908445264
40749, -73991, 170 : 60.90124228696106
40750, -73991, 199 : 60.89076047621895
40750, -73991, 205 : 60.88477087008061
40749, -73991, 8 : 60.836854020973846
40750, -73991, 22 : 60.705082685930265
40749, -73991, 78 : 60.60026457850923
40750, -73991, 190 : 60.54186591866037
40750, -73991, 14 : 60.425068598962646
40750, -73991, 169 : 60.366669939113784
40750, -73991, 73 : 60.323245294610786
40750, -73991, 23 : 60.30078427159199
40750, -73991, 92 : 60.270836240900266
40750, -73991, 353 : 60.20345317184389
40750, -73991, 98 : 60.20345317184389
40750, -73991, 192 : 60.130080496649164
40750, -73991, 70 : 60.09713766288827
227253
 data num : 287132762