40750, -73991, 11 : 88.62827509203925
40750, -73991, 12 : 87.79133461125411
40750, -73991, 10 : 87.18435721584359
40749, -73991, 11 : 86.4187522227665
40749, -73991, 12 : 85.88717768936316
40750, -73991, 9 : 85.53081312576904
40750, -73991, 1 : 85.42443564409915
40750, -73991, 13 : 84.84311399426784
40749, -73991, 10 : 84.76426950785368
40750, -73991, 7 : 84.62597878168283
40750, -73991, 6 : 84.18826673210586
40750, -73991, 8 : 84.12444024310393
40749, -73991, 13 : 83.12918503959831
40749, -73991, 9 : 82.9664900676326
40750, -73991, 14 : 82.9173687010968
40750, -73991, 23 : 82.81036546953474
40750, -73991, 24 : 82.55412088868876
40750, -73991, 5 : 82.55193076406614
40750, -73991, 28 : 82.08386984471865
40749, -73991, 1 : 82.07573509612035
40749, -73991, 7 : 81.62832392321467
40749, -73991, 8 : 81.46907057565593
40749, -73991, 14 : 81.39679646310962
40750, -73991, 2 : 81.33985322292162
40749, -73991, 6 : 81.02072077791196
40750, -73991, 29 : 80.87742405260371
40750, -73991, 25 : 80.86303180508366
40749, -73991, 23 : 80.46317762398333
40749, -73991, 24 : 80.31518777448375
40750, -73991, 26 : 80.19973691937732
40749, -73991, 28 : 80.12840143166927
40750, -73991, 27 : 79.9106404691921
40750, -73991, 15 : 79.88123022425984
40750, -73991, 16 : 79.84618823029798
40749, -73991, 29 : 79.55552740538234
40750, -73991, 30 : 79.52705578528833
40750, -73991, 22 : 79.48732066713517
40750, -73991, 3 : 79.390642308794
40749, -73991, 5 : 79.31649094657118
40750, -73991, 17 : 79.22419283747524
40750, -73991, 49 : 79.11155785688359
40750, -73991, 21 : 78.86970552355766
40749, -73991, 15 : 78.75519329328948
40750, -73990, 11 : 78.69480842869451
40749, -73991, 30 : 78.60782919368208
40749, -73991, 16 : 78.52929758221401
40749, -73991, 2 : 78.29589287243245
40750, -73991, 31 : 78.16385964518335
40749, -73991, 25 : 78.13882964949632
40750, -73990, 12 : 77.9220073118574
170674
 data num : 287132762