40750, -73991, 2 : 121.48712098212047
40750, -73991, 1 : 121.39999163388899
40750, -73991, 3 : 118.5383699076358
40749, -73991, 2 : 118.26375499802911
40749, -73991, 1 : 117.28129286538041
40750, -73991, 4 : 116.29946058344181
40749, -73991, 3 : 115.98359045232311
40750, -73991, 6 : 115.59014370874289
40750, -73991, 5 : 115.55245764125482
40749, -73991, 4 : 113.7464657051411
40749, -73991, 6 : 112.99410903191819
40749, -73991, 5 : 112.54009164504933
40750, -73991, 7 : 111.54282802071312
40749, -73991, 7 : 109.8488445358801
40750, -73991, 8 : 108.20944811258971
40750, -73990, 1 : 107.87573221135132
40750, -73990, 2 : 107.85788644123161
40749, -73991, 8 : 107.74965709421154
40750, -73991, 10 : 107.7280322198312
40749, -73991, 10 : 106.4879611467487
40750, -73991, 9 : 105.56208060289129
40749, -73991, 9 : 105.37449006639773
40750, -73990, 3 : 104.99112093417922
40749, -73992, 2 : 103.67200359697829
40750, -73990, 4 : 102.61406435423508
40749, -73992, 1 : 102.59002505213266
40750, -73990, 6 : 102.58183699290127
40750, -73992, 2 : 102.21568378009235
40750, -73990, 5 : 102.1308638844646
40749, -73992, 3 : 102.00982757300568
40750, -73992, 1 : 101.96825742613862
40749, -73992, 4 : 100.63475849772357
40750, -73992, 3 : 100.1809510610914
40749, -73992, 6 : 99.73228740525846
40749, -73990, 2 : 99.54774114719709
40749, -73992, 5 : 99.48076702168903
40750, -73990, 7 : 99.38156553484717
40750, -73992, 4 : 98.84871183409658
40749, -73990, 1 : 98.74363174062705
40750, -73992, 6 : 98.43605464385809
40750, -73992, 5 : 98.26431535023555
40749, -73990, 3 : 97.55877757979727
40749, -73992, 7 : 96.56739256208871
40750, -73990, 8 : 96.19021696185293
40749, -73990, 6 : 95.75803439960112
40749, -73990, 4 : 95.60319610003312
40750, -73990, 10 : 95.39335083844911
40749, -73992, 8 : 95.16576478186376
40749, -73990, 5 : 94.89639862817462
40750, -73992, 7 : 94.54084790231917
163764
 data num : 287132762