81499, -147983, 191 : 96.04754831861786
81499, -147983, 16 : 95.40165590317474
81499, -147983, 72 : 94.23763001160694
81499, -147983, 170 : 94.09922449401198
81499, -147983, 93 : 93.90048836618332
81499, -147983, 86 : 93.31137770154841
81499, -147983, 71 : 93.19426534050652
81499, -147983, 79 : 92.76840220944513
81499, -147983, 156 : 92.39932082919192
81499, -147983, 190 : 91.91312708789683
81499, -147983, 171 : 91.77117271087636
81499, -147983, 77 : 91.60792517730283
81499, -147983, 352 : 91.46597080028236
81499, -147983, 8 : 91.23884379704963
81499, -147983, 169 : 91.18915976509246
81499, -147983, 85 : 91.10398713888017
81499, -147983, 289 : 91.0791451229016
81499, -147983, 205 : 91.03655880979545
81499, -147983, 15 : 91.0188145126679
81499, -147983, 192 : 90.90525101105153
81499, -147983, 94 : 90.8697624167964
81499, -147983, 78 : 90.74910119632902
81499, -147983, 128 : 90.69941716437185
81499, -147983, 80 : 90.58940252218099
81499, -147983, 17 : 90.54326734964934
81499, -147983, 157 : 90.43325270745848
81499, -147983, 58 : 90.3800198160758
81499, -147983, 51 : 89.87608177765316
81499, -147983, 353 : 89.7021876658031
81499, -147983, 290 : 89.55668442935712
81499, -147983, 199 : 89.44312092774074
81499, -147983, 76 : 89.41473005233665
81500, -147982, 72 : 89.16630989255084
81500, -147982, 71 : 89.12727243887021
81499, -147983, 22 : 89.12727243887021
81499, -147983, 98 : 88.99241578070077
81499, -147983, 332 : 88.95337832702013
81499, -147983, 57 : 88.88594999793541
81499, -147983, 23 : 88.6659207135537
81499, -147983, 114 : 88.60559010332
81499, -147983, 50 : 88.57010150906488
81499, -147983, 87 : 88.53816177423528
81499, -147983, 129 : 88.49202660170363
81499, -147983, 81 : 88.49202660170363
81499, -147983, 198 : 88.45653800744851
81499, -147983, 49 : 88.44589142917198
81499, -147983, 92 : 88.41395169434237
81499, -147983, 9 : 88.3926585377893
81499, -147983, 163 : 88.3607188029597
81499, -147983, 176 : 88.20456898823718
300818
 data num : 287132762