-73991, 40750, 0 : 19.557640733442348
-73991, 40750, 1 : 19.342331018727624
-73991, 40749, 0 : 19.207356750517356
-73991, 40749, 1 : 18.670120491449463
-73992, 40750, 0 : 18.39688003936282
-73992, 40750, 1 : 18.317109434529883
-73992, 40749, 1 : 18.22852338320625
-73992, 40749, 0 : 18.168079577321194
-73990, 40750, 1 : 16.829027626446955
-73991, 40750, 2 : 16.79913214088403
-73991, 40749, 2 : 16.79796854708352
-73990, 40750, 0 : 16.652089968491367
-73993, 40751, 0 : 16.607463424453314
-73993, 40751, 1 : 16.450263592954595
-73990, 40749, 0 : 15.741447065856482
-73993, 40751, 2 : 15.65314806535634
-73991, 40751, 0 : 15.506415018898961
-73990, 40750, 2 : 15.164169593002857
-73993, 40752, 0 : 15.148331674697253
-73992, 40748, 1 : 14.845420361454135
-73992, 40748, 0 : 14.606998341708955
-73994, 40751, 1 : 14.573567209665516
-73993, 40752, 1 : 14.437563067409453
-73990, 40751, 0 : 14.387105943049407
-73992, 40748, 2 : 14.333391998932271
-73994, 40751, 0 : 14.229016313336029
-73993, 40752, 2 : 13.999128112934411
-73990, 40751, 1 : 13.985842689535673
-73994, 40750, 0 : 13.651200282504083
-73994, 40750, 1 : 13.635467529441588
-73990, 40751, 2 : 13.487456260103693
-73994, 40751, 2 : 13.255816396871127
-73994, 40750, 2 : 13.029822704845733
-73990, 40756, 0 : 12.305405131043289
-73989, 40756, 0 : 11.979458031541697
-73990, 40756, 1 : 11.923084794981134
-73977, 40753, 0 : 11.842686914597815
-73977, 40752, 1 : 11.815389806203449
-73977, 40752, 0 : 11.810941942777358
-73989, 40756, 1 : 11.60226911141804
-73989, 40757, 1 : 11.567746938356079
-73978, 40752, 1 : 11.517237413495964
-73977, 40753, 1 : 11.474662981787763
-73977, 40752, 2 : 11.455958178038175
-73989, 40757, 0 : 11.283310687018421
-73990, 40755, 0 : 11.233424417413888
-73990, 40755, 1 : 11.11063589865725
-73978, 40752, 0 : 11.074472012028933
-73989, 40756, 2 : 10.828846361074715
-73989, 40757, 2 : 10.812716174267075
7431