-73991, 40750, 0 : 19.557640733442348
-73991, 40750, 1 : 19.342331018727624
-73991, 40749, 0 : 19.207356750517356
-73991, 40749, 1 : 18.670120491449463
-73992, 40749, 0 : 18.168079577321194
-73990, 40750, 1 : 16.829027626446955
-73991, 40750, 2 : 16.79913214088403
-73991, 40749, 2 : 16.79796854708352
-73990, 40750, 0 : 16.652089968491367
-73993, 40751, 1 : 16.450263592954595
-73994, 40751, 1 : 14.573567209665516
-73994, 40751, 0 : 14.229016313336029
-73994, 40750, 0 : 13.651200282504083
-73994, 40750, 1 : 13.635467529441588
-73994, 40751, 2 : 13.255816396871127
-73994, 40750, 2 : 13.029822704845733
-73990, 40756, 0 : 12.305405131043289
-73989, 40756, 0 : 11.979458031541697
-73990, 40756, 1 : 11.923084794981134
-73977, 40752, 1 : 11.815389806203449
-73989, 40756, 1 : 11.60226911141804
-73989, 40757, 1 : 11.567746938356079
-73978, 40752, 1 : 11.517237413495964
-73978, 40752, 0 : 11.074472012028933
-73990, 40756, 2 : 10.74213152741178
-73976, 40751, 1 : 10.68014250932621
-73978, 40752, 2 : 10.510700619676179
-73975, 40752, 1 : 10.481839743281505
-73978, 40762, 1 : 10.338444345830936
-73971, 40757, 1 : 10.30677918249553
-73978, 40762, 0 : 10.195515709822182
-73973, 40763, 1 : 10.139988270805405
-73973, 40763, 0 : 9.993578806732748
-73978, 40762, 2 : 9.776356746300767
-73973, 40763, 2 : 9.525795905724662
-73973, 40764, 0 : 8.985109547057037
-73987, 40760, 0 : 8.81711818738092
-73776, 40645, 0 : 8.718660005642391
-73967, 40762, 0 : 8.648003388003415
-73988, 40748, 0 : 8.56151319855508
-73987, 40760, 1 : 8.548628486245006
-73988, 40748, 1 : 8.534851646967821
-73973, 40764, 1 : 8.439974091102407
-73870, 40773, 1 : 8.395167225944471
-73870, 40773, 0 : 8.273322784426178
-73977, 40758, 0 : 8.162962177827985
-73872, 40774, 1 : 8.044044645974308
-73969, 40757, 1 : 8.006060427376074
-73873, 40774, 1 : 8.005109145184644
-73981, 40759, 1 : 7.852765951201328
5014