-73991, 40750, 0 : 15.051393881133768
-73991, 40749, 0 : 14.900098833626725
-73992, 40749, 0 : 12.80048897314908
-73992, 40750, 0 : 12.655713773389891
-73990, 40750, 0 : 12.278076362391653
-73993, 40751, 0 : 11.46288361895606
-73990, 40749, 0 : 11.10070796655666
-73992, 40751, 0 : 10.728510472839792
-73994, 40751, 0 : 10.700558577680923
-73993, 40750, 0 : 10.632078875536745
-73992, 40748, 0 : 10.57036657277403
-73991, 40751, 0 : 10.494595874735362
-73990, 40751, 0 : 10.355695543886625
-73994, 40750, 0 : 10.309761419388412
-73990, 40756, 0 : 10.115065399310526
-73978, 40752, 0 : 10.074324147789548
-73977, 40752, 0 : 10.051834480214048
-73991, 40748, 0 : 9.66917649784564
-73989, 40756, 0 : 9.590274945229725
-73993, 40749, 0 : 9.516400110245977
-73993, 40752, 0 : 9.499682463564389
-73977, 40753, 0 : 9.43333406620746
-73978, 40762, 0 : 9.301385834734072
-73975, 40755, 0 : 9.114620685736726
-73989, 40757, 0 : 9.09153174528214
-73973, 40763, 0 : 9.046225984724154
-73971, 40757, 0 : 9.044410815356951
-73976, 40753, 0 : 9.037072186046775
-73974, 40756, 0 : 8.992213947312699
-73975, 40752, 0 : 8.974423317425899
-73972, 40756, 0 : 8.953316348016315
-73976, 40752, 0 : 8.914088671537657
-73971, 40758, 0 : 8.908294163986858
-73976, 40751, 0 : 8.876022200795646
-73973, 40755, 0 : 8.851021536570718
-73974, 40755, 0 : 8.813566730586608
-73975, 40754, 0 : 8.798282499402703
-73973, 40756, 0 : 8.797771742625109
-73972, 40757, 0 : 8.795361573849267
-73978, 40753, 0 : 8.779529610455896
-73972, 40758, 0 : 8.77677390503638
-73990, 40748, 0 : 8.767489033043725
-73976, 40754, 0 : 8.705129447787083
-73977, 40751, 0 : 8.704902197922262
-73979, 40761, 0 : 8.683386045561129
-73992, 40752, 0 : 8.650332298837906
-73973, 40757, 0 : 8.589962735698222
-73990, 40755, 0 : 8.555645569244488
-73972, 40759, 0 : 8.546754933774862
-73971, 40759, 0 : 8.444677448142619
