-73991, 40750, 4 : 166.5380323482758
-73991, 40749, 4 : 165.3723222106812
-73991, 40750, 3 : 165.17315646310084
-73991, 40749, 3 : 164.2628261451982
-73991, 40750, 5 : 161.84822797433372
-73991, 40749, 5 : 160.80339682111003
-73990, 40750, 4 : 160.75507268001493
-73992, 40749, 4 : 160.17044075777008
-73991, 40750, 2 : 159.88984367990503
-73990, 40750, 3 : 159.84079786495226
-73992, 40749, 3 : 159.21435778134395
-73991, 40749, 2 : 158.87851398876646
-73990, 40749, 4 : 158.03879544727357
-73992, 40750, 4 : 157.48965021397356
-73990, 40749, 3 : 157.22440260978306
-73992, 40750, 3 : 156.76269145630727
-73990, 40750, 5 : 156.4076207882421
-73992, 40749, 5 : 156.00902722472827
-73990, 40750, 2 : 154.8882426411533
-73992, 40749, 2 : 154.33258090213442
-73990, 40749, 5 : 153.59574603255862
-73992, 40750, 5 : 153.54884663057638
-73991, 40750, 1 : 152.62946264795775
-73990, 40751, 4 : 152.56043800121546
-73992, 40750, 2 : 152.33561250295034
-73990, 40749, 2 : 152.28605258743954
-73991, 40751, 4 : 151.89365307898396
-73990, 40751, 3 : 151.7653786489482
-73991, 40749, 1 : 151.72239164743615
-73991, 40750, 6 : 151.43373042344757
-73991, 40751, 3 : 151.19764535429096
-73991, 40748, 4 : 150.84590106921593
-73991, 40749, 6 : 150.26837697103778
-73991, 40748, 3 : 150.15469089116357
-73992, 40748, 4 : 149.53868263666484
-73992, 40751, 4 : 148.96970020220328
-73992, 40748, 3 : 148.69260309034172
-73992, 40751, 3 : 148.45560933652976
-73990, 40748, 4 : 147.77860422238592
-73990, 40751, 5 : 147.461319488843
-73990, 40748, 3 : 147.2947512236349
-73990, 40750, 1 : 147.0256648589108
-73991, 40751, 5 : 146.82251946876468
-73977, 40752, 4 : 146.50335797135855
-73977, 40753, 4 : 146.40869846930687
-73990, 40751, 2 : 146.26252233081232
-73992, 40749, 1 : 145.73559283891072
-73990, 40750, 6 : 145.69526701155968
-73991, 40751, 2 : 145.56657608137579
-73977, 40752, 3 : 145.51662365206843
125548