40750, -73991, 7 : 199.70910115822443
40749, -73991, 7 : 199.3862700985479
40750, -73991, 8 : 198.73473614210783
40749, -73991, 8 : 198.72563490454715
40750, -73991, 6 : 198.2267265901683
40749, -73991, 6 : 197.3105246827365
40749, -73991, 9 : 196.34194181214173
40750, -73991, 9 : 196.2305535340507
40750, -73990, 7 : 194.92681996122388
40750, -73990, 8 : 194.09957708984805
40750, -73991, 5 : 194.01037885133528
40749, -73991, 10 : 193.46833903484162
40750, -73991, 10 : 193.40944066841877
40750, -73990, 6 : 193.38837795339796
40749, -73991, 5 : 193.0299055051243
40749, -73992, 7 : 192.9009185490754
40749, -73992, 8 : 192.53998914209075
40749, -73990, 7 : 192.45444991285783
40749, -73990, 8 : 191.9688254109612
40750, -73990, 9 : 191.78668028377268
40749, -73992, 6 : 191.04582152350514
40749, -73990, 6 : 190.86218844048662
40749, -73992, 9 : 190.60117352362755
40749, -73991, 11 : 190.4626015850999
40750, -73991, 11 : 190.20348474321005
40749, -73990, 9 : 190.07507477132188
40750, -73992, 7 : 189.90010852691827
40750, -73992, 8 : 189.46017953858035
40750, -73990, 5 : 189.39994162801645
40750, -73990, 10 : 188.963129185692
40750, -73992, 6 : 188.32280694319292
40750, -73991, 4 : 187.75367533636228
40749, -73992, 10 : 187.5925967558364
40749, -73990, 10 : 187.41726009333954
40750, -73992, 9 : 187.39032688998049
40749, -73991, 12 : 187.07068968423238
40749, -73992, 5 : 186.8338560700345
40749, -73990, 5 : 186.77281809415302
40750, -73991, 12 : 186.71972446295797
40749, -73991, 4 : 186.51415770995993
40753, -73977, 8 : 186.21810773283073
40753, -73977, 9 : 185.83219343419862
40750, -73990, 11 : 185.83109094395905
40751, -73990, 7 : 185.55951427151012
40753, -73977, 7 : 185.16091265293193
40753, -73976, 8 : 185.14302765122437
40752, -73977, 8 : 184.96991975139636
40753, -73976, 9 : 184.92491394741396
40751, -73990, 8 : 184.88330845633934
40752, -73977, 9 : 184.48361309415142
152935
 data num : 174045627