40750, -73991, 11 : 84.80823582456406
40750, -73991, 12 : 84.00706051329729
40750, -73991, 10 : 83.42602122213559
40749, -73991, 11 : 82.69313300281978
40749, -73991, 12 : 82.18427436586941
40750, -73991, 9 : 81.84313841090386
40750, -73991, 1 : 81.73621520113853
40750, -73991, 13 : 81.18482688411345
40749, -73991, 10 : 81.10935167722027
40750, -73991, 7 : 80.97697056036797
40750, -73991, 6 : 80.55796336019519
40750, -73991, 8 : 80.49686438318643
40749, -73991, 13 : 79.5441396485548
40749, -73991, 9 : 79.38839715814032
40750, -73991, 14 : 79.34137490622673
40750, -73991, 23 : 79.23894426830029
40750, -73991, 24 : 78.99364984589748
40750, -73991, 5 : 78.99155331237267
40750, -73991, 28 : 78.5434941476418
40749, -73991, 1 : 78.52911791775739
40749, -73991, 7 : 78.10741517448126
40749, -73991, 8 : 77.95496723674863
40749, -73991, 14 : 77.88578163042989
40750, -73991, 2 : 77.83127175878482
40749, -73991, 6 : 77.52577687374105
40750, -73991, 25 : 77.3748264599547
40749, -73991, 23 : 76.9920593392822
40749, -73991, 24 : 76.85039357396289
40750, -73991, 26 : 76.73987630672647
40749, -73991, 28 : 76.67158921477551
40750, -73991, 27 : 76.46313388145151
40750, -73991, 15 : 76.43498043126121
40750, -73991, 16 : 76.40143589486424
40750, -73991, 22 : 76.05790390158462
40750, -73991, 3 : 75.96535692170372
40749, -73991, 5 : 75.89437428664942
40750, -73991, 17 : 75.80602037381813
40750, -73991, 21 : 75.46668144758813
40749, -73991, 15 : 75.35706269471949
40750, -73990, 11 : 75.29925827039257
40749, -73991, 16 : 75.14082023687477
40749, -73991, 2 : 74.91738966408785
40749, -73991, 25 : 74.76703825988002
40750, -73990, 12 : 74.55948144092382
40750, -73991, 4 : 74.54720174456422
40749, -73991, 17 : 74.36001125127758
40750, -73990, 10 : 74.18929352140017
40749, -73991, 26 : 74.03654607887829
40749, -73991, 22 : 74.02067232504758
40750, -73991, 18 : 74.00689510474169
102182
 data num : 174045627