40750, -73991, 0 : 403.0561458996197
40749, -73991, 0 : 391.89559741297535
40750, -73990, 0 : 357.3937506816135
40749, -73992, 0 : 344.8165582665095
40750, -73992, 0 : 340.9523381321952
40749, -73990, 0 : 330.40814235442303
40751, -73990, 0 : 260.30202695483973
40750, -73993, 0 : 252.91047981717634
40748, -73992, 0 : 250.26173503468883
40751, -73991, 0 : 249.44119093060183
40748, -73991, 0 : 236.04783749835477
40757, -73989, 0 : 229.34322588345344
40756, -73990, 0 : 227.01293503858085
40751, -73977, 0 : 224.6521611915655
40750, -73994, 0 : 222.39603307734572
40751, -73993, 0 : 222.2587971137224
40752, -73977, 0 : 220.03041838800266
40756, -73989, 0 : 214.29654182777526
40751, -73994, 0 : 208.6458359114922
40751, -73976, 0 : 206.40124197341964
40751, -73992, 0 : 205.008629452687
40752, -73976, 0 : 204.10329528737455
40752, -73978, 0 : 202.86133184099913
40751, -73975, 0 : 201.92716819018455
40753, -73978, 0 : 200.7914941967404
40749, -73993, 0 : 200.23831944841476
40751, -73978, 0 : 199.59429682218467
40757, -73990, 0 : 199.35248246295632
40755, -73990, 0 : 199.2657275696526
40756, -73973, 0 : 188.55406764243696
40752, -73975, 0 : 186.7075789116153
40753, -73977, 0 : 186.49084395599226
40756, -73974, 0 : 184.96900480417142
40748, -73990, 0 : 184.12896352023046
40763, -73973, 0 : 183.4850550318745
40756, -73972, 0 : 182.83897569035707
40750, -73995, 0 : 182.3442914294109
40751, -73974, 0 : 181.8071365673875
40755, -73991, 0 : 180.32535089848548
40763, -73972, 0 : 180.11248615889954
40741, -74004, 0 : 179.3164851967392
40740, -74006, 0 : 178.51075290370403
40755, -73973, 0 : 177.74053872900754
40741, -74005, 0 : 176.0131490503171
40762, -73978, 0 : 173.7038667945895
40755, -73989, 0 : 171.6961106924175
40755, -73974, 0 : 170.88433276221835
40756, -73991, 0 : 170.2939762931515
40751, -73979, 0 : 170.13260512220089
40763, -73978, 0 : 168.98434014249506
95692
 data num : 174045627