40750, -73991, 0 : 550.9014084940927
40749, -73991, 0 : 544.6417363568038
40749, -73992, 0 : 494.72853460348153
40750, -73990, 0 : 490.09238976304096
40750, -73992, 0 : 461.8794460994293
40749, -73990, 0 : 453.86649966332186
40751, -73990, 0 : 440.4911551062844
40748, -73992, 0 : 432.3460555874656
40752, -73978, 0 : 423.9272177803646
40748, -73991, 0 : 421.13642382431186
40751, -73991, 0 : 420.5784940067143
40752, -73977, 0 : 420.28589955886395
40751, -73992, 0 : 409.677427787346
40751, -73976, 0 : 407.2491712589033
40753, -73977, 0 : 405.51659899934043
40751, -73993, 0 : 404.7245988486597
40751, -73977, 0 : 404.6807319761107
40750, -73993, 0 : 404.54986511673013
40752, -73976, 0 : 401.6570115693982
40748, -73990, 0 : 399.13817475654355
40752, -73975, 0 : 398.182564526309
40753, -73978, 0 : 395.6880378298197
40756, -73974, 0 : 394.99290687547136
40749, -73993, 0 : 392.28191256120266
40750, -73994, 0 : 390.54612992441565
40753, -73976, 0 : 389.1356632261466
40751, -73978, 0 : 389.09160817387317
40755, -73975, 0 : 385.87060767904853
40757, -73973, 0 : 383.08654351498046
40749, -73989, 0 : 381.68209000188955
40756, -73973, 0 : 381.3841798788623
40755, -73973, 0 : 380.8020378865451
40756, -73972, 0 : 380.73192160246725
40751, -73975, 0 : 379.6997714286578
40755, -73974, 0 : 379.09208758576324
40754, -73976, 0 : 378.59103495369766
40750, -73989, 0 : 377.6903027036843
40754, -73977, 0 : 375.75007142067807
40756, -73990, 0 : 374.6759862188109
40748, -73989, 0 : 374.43317822516184
40757, -73974, 0 : 373.7098575330883
40756, -73975, 0 : 372.7344568328993
40754, -73975, 0 : 372.41024253039177
40753, -73975, 0 : 372.3541953782597
40752, -73979, 0 : 372.1529751620679
40758, -73972, 0 : 370.7331667865213
40757, -73972, 0 : 370.3736147245421
40751, -73989, 0 : 369.42755436242703
40754, -73974, 0 : 367.06462620206554
40757, -73971, 0 : 366.98061914825763
91255
 data num : 174045627