40750, -73991, 11 : 120.93536104622713
40750, -73991, 10 : 120.757112288551
40749, -73991, 11 : 120.67087620744644
40750, -73991, 12 : 120.37550026476424
40749, -73991, 12 : 120.32664014500926
40749, -73991, 10 : 120.18928942315547
40750, -73991, 9 : 119.90693626256974
40749, -73991, 9 : 119.30912886146076
40750, -73991, 13 : 119.17359532206396
40749, -73991, 13 : 119.17345799533729
40750, -73991, 8 : 118.77189584411794
40749, -73991, 8 : 118.18250501933612
40750, -73990, 11 : 118.16638789769284
40750, -73990, 10 : 117.9560299654724
40749, -73991, 14 : 117.6631046885026
40750, -73990, 12 : 117.65950836749808
40750, -73991, 14 : 117.60933977991805
40750, -73990, 9 : 117.2773122481662
40750, -73991, 7 : 117.24829301005163
40749, -73992, 11 : 116.7521041623727
40749, -73990, 11 : 116.6659197286456
40749, -73991, 7 : 116.5473475790947
40749, -73992, 12 : 116.50012883883402
40750, -73990, 13 : 116.48739287007356
40749, -73990, 10 : 116.3668740132305
40749, -73992, 10 : 116.32645841761818
40749, -73990, 12 : 116.29779693373902
40750, -73990, 8 : 116.17536258565298
40749, -73991, 15 : 116.07958346812894
40750, -73991, 15 : 115.98175320208658
40749, -73990, 9 : 115.7910783058829
40749, -73992, 9 : 115.52681639702554
40749, -73992, 13 : 115.49198824103519
40749, -73990, 13 : 115.2156069593298
40750, -73992, 11 : 115.06698576998049
40750, -73991, 6 : 114.98582445442324
40750, -73990, 14 : 114.9680362227105
40750, -73992, 12 : 114.72112629063159
40749, -73991, 16 : 114.71978595516434
40750, -73992, 10 : 114.71444820638908
40749, -73990, 8 : 114.65777542666949
40750, -73990, 7 : 114.58653759239246
40750, -73991, 16 : 114.55418212281407
40749, -73992, 8 : 114.29320291467795
40749, -73992, 14 : 114.1478139238617
40749, -73991, 6 : 114.14682701003183
40750, -73992, 9 : 114.05170775140235
40749, -73990, 14 : 113.9241811087621
40750, -73992, 13 : 113.5904446787277
40749, -73991, 17 : 113.50366229523895
199038
 data num : 174045672