40750, -73991, 7 : 91.36446121162857
40750, -73991, 6 : 90.25621359489179
40749, -73991, 7 : 89.20301618656809
40750, -73991, 5 : 89.16845458955687
40750, -73991, 8 : 88.9602571848067
40749, -73991, 6 : 87.74025350587799
40749, -73991, 8 : 87.18188710625972
40750, -73991, 4 : 86.87435097956114
40749, -73991, 5 : 86.20671198579966
40750, -73991, 9 : 85.11895298046474
40750, -73991, 1 : 85.10487999485538
40750, -73991, 15 : 84.58500734999211
40750, -73991, 16 : 84.16033431366273
40750, -73991, 17 : 84.0301591967762
40750, -73991, 14 : 83.94799779549804
40750, -73991, 3 : 83.8049914270265
40749, -73991, 4 : 83.78326108160029
40749, -73991, 9 : 83.74683688355255
40750, -73991, 2 : 83.5709245634356
40750, -73991, 10 : 83.27456404295621
40749, -73991, 15 : 81.84118906750918
40749, -73991, 10 : 81.73377907440248
40749, -73991, 1 : 81.72322433519547
40749, -73991, 16 : 81.6296803720274
40749, -73991, 14 : 81.6065013369061
40749, -73991, 17 : 81.53385989648133
40750, -73991, 11 : 81.20045431094204
40750, -73990, 7 : 81.08331740131122
40750, -73991, 13 : 80.96597353600968
40749, -73991, 3 : 80.53509182955852
40749, -73991, 2 : 80.49328678407191
40750, -73991, 12 : 80.47673033041384
40750, -73990, 6 : 80.22569310182342
40749, -73991, 11 : 79.84820595841953
40750, -73990, 5 : 79.3591697084944
40749, -73991, 13 : 79.07895173033165
40750, -73990, 8 : 78.8165319398513
40749, -73991, 12 : 78.71781408491509
40749, -73992, 7 : 78.01789000652036
40750, -73990, 4 : 77.39971341806233
40750, -73992, 7 : 76.92702666612456
40749, -73992, 6 : 76.62052531777962
40749, -73992, 8 : 76.49055715656381
40750, -73992, 6 : 75.77180011213304
40750, -73990, 1 : 75.40610944196051
40750, -73990, 9 : 75.21301980117332
40749, -73992, 5 : 75.20122332794195
40750, -73992, 8 : 75.14700094221178
40749, -73990, 7 : 75.05325002337298
40750, -73990, 17 : 74.53379128985117
94379
 data num : 174045627