40750, -73991, 78 : 17.458016608500007
40750, -73991, 77 : 17.416124087773053
40750, -73991, 79 : 17.40416016241739
40749, -73991, 77 : 17.369579096681747
40749, -73991, 78 : 17.362243443492694
40749, -73991, 79 : 17.3201346133042
40750, -73991, 76 : 17.29889920662713
40750, -73991, 80 : 17.27827056145233
40750, -73991, 72 : 17.26428905598677
40749, -73991, 76 : 17.215063346189293
40749, -73991, 80 : 17.187827333285874
40750, -73991, 73 : 17.171243441781133
40750, -73991, 71 : 17.167228319828617
40750, -73991, 49 : 17.15567445563675
40750, -73991, 47 : 17.144194694964618
40750, -73991, 50 : 17.12968922514819
40750, -73991, 46 : 17.126045839010246
40749, -73991, 72 : 17.125620480930834
40750, -73991, 48 : 17.12105562520807
40750, -73991, 75 : 17.117794218972985
40750, -73990, 78 : 17.06779271329481
40749, -73991, 73 : 17.06360681270019
40750, -73991, 15 : 17.056043685377706
40750, -73991, 16 : 17.055241213337368
40750, -73990, 77 : 17.03355031850229
40749, -73991, 49 : 17.030820033636505
40750, -73990, 79 : 17.02824216419241
40749, -73991, 71 : 17.017115935313093
40750, -73991, 74 : 17.011506881674812
40749, -73991, 75 : 17.00691978659011
40749, -73991, 74 : 16.994366265501732
40749, -73991, 48 : 16.977250685049828
40749, -73991, 81 : 16.971368806422397
40750, -73991, 81 : 16.9632591846765
40750, -73991, 45 : 16.962299057501756
40750, -73991, 51 : 16.96197240259733
40749, -73991, 50 : 16.95686202148653
40749, -73991, 47 : 16.942847035848633
40749, -73991, 15 : 16.933141675858156
40749, -73991, 16 : 16.912449558866065
40750, -73991, 14 : 16.91207053004221
40750, -73990, 76 : 16.890943182210425
40749, -73991, 46 : 16.885200948502725
40750, -73991, 93 : 16.87705075878287
40750, -73991, 70 : 16.862814307030895
40749, -73991, 14 : 16.8616735487739
40749, -73991, 93 : 16.859894298881354
40750, -73990, 80 : 16.859736519156684
40749, -73990, 78 : 16.842483328759343
40750, -73991, 94 : 16.83213012016654
354048
 data num : 174045672