40750, -73991, 6 : 43533
40750, -73991, 4 : 43317
40750, -73991, 7 : 43207
40750, -73991, 5 : 41246
40750, -73991, 8 : 41012
40749, -73991, 7 : 40486
40750, -73991, 15 : 40007
40749, -73991, 17 : 40003
40750, -73991, 1 : 39969
40749, -73991, 18 : 39821
40750, -73991, 14 : 39735
40750, -73991, 0 : 39534
40749, -73991, 1 : 39481
40749, -73991, 8 : 39342
40750, -73991, 9 : 39295
40750, -73991, 3 : 39255
40750, -73991, 11 : 39104
40750, -73991, 10 : 38938
40749, -73991, 15 : 38556
40749, -73991, 0 : 38504
40749, -73991, 6 : 37792
40749, -73991, 14 : 37443
40750, -73991, 17 : 37389
40749, -73991, 11 : 37326
40750, -73991, 18 : 37122
40749, -73991, 16 : 36829
40749, -73991, 9 : 36752
40749, -73991, 4 : 36297
40749, -73991, 5 : 36042
40750, -73991, 16 : 36030
40750, -73991, 2 : 35805
40749, -73991, 10 : 35785
40750, -73991, 13 : 35665
40749, -73991, 3 : 35148
40749, -73991, 13 : 34966
40749, -73991, 12 : 34665
40750, -73991, 12 : 34247
40749, -73991, 2 : 32684
40750, -73994, 18 : 31146
40750, -73994, 7 : 31111
40750, -73994, 15 : 30539
40750, -73994, 8 : 30372
40750, -73994, 1 : 30299
40750, -73994, 9 : 30243
40750, -73994, 6 : 30193
40750, -73994, 14 : 30179
40750, -73994, 13 : 29254
40750, -73994, 17 : 29070
40750, -73994, 11 : 28990
40750, -73994, 4 : 28978
