40749, -73991, 199 : 4627
40750, -73991, 46 : 4579
40750, -73991, 72 : 4540
40750, -73991, 9 : 4510
40750, -73991, 50 : 4504
40750, -73991, 80 : 4428
40750, -73991, 58 : 4422
40750, -73991, 65 : 4350
40749, -73991, 192 : 4344
40750, -73991, 52 : 4341
40750, -73991, 156 : 4339
40750, -73991, 71 : 4333
40750, -73991, 86 : 4319
40750, -73991, 29 : 4289
40750, -73991, 30 : 4288
40750, -73991, 78 : 4281
40750, -73991, 199 : 4269
40750, -73991, 76 : 4263
40750, -73991, 85 : 4235
40750, -73991, 49 : 4233
40749, -73991, 191 : 4231
40749, -73991, 206 : 4205
40750, -73991, 77 : 4198
40750, -73991, 2 : 4195
40750, -73991, 70 : 4189
40750, -73991, 169 : 4184
40750, -73991, 17 : 4174
40750, -73991, 16 : 4148
40750, -73991, 99 : 4132
40750, -73991, 15 : 4088
40750, -73991, 22 : 4086
40750, -73991, 66 : 4083
40749, -73991, 94 : 4078
40749, -73991, 156 : 4051
40750, -73991, 56 : 4047
40749, -73991, 17 : 4044
40750, -73991, 121 : 4029
40750, -73991, 59 : 4023
40749, -73991, 129 : 4011
40750, -73991, 92 : 4011
40750, -73991, 7 : 4010
40750, -73991, 73 : 4001
40750, -73991, 98 : 3999
40749, -73991, 9 : 3998
40749, -73991, 170 : 3994
40750, -73991, 94 : 3989
40750, -73991, 36 : 3987
40750, -73991, 157 : 3977
40750, -73991, 122 : 3971
40750, -73991, 191 : 3959
