40750, -73991, 0 : 754334
40749, -73991, 0 : 717884
40750, -73994, 0 : 558401
40756, -73990, 0 : 466815
40752, -73978, 0 : 394902
40773, -73870, 0 : 392608
40751, -73994, 0 : 370684
40645, -73776, 0 : 367576
40750, -73990, 0 : 344701
40749, -73992, 0 : 332914
40769, -73863, 0 : 322626
40740, -74005, 0 : 319461
40742, -74004, 0 : 313630
40774, -73872, 0 : 303679
40644, -73782, 0 : 302752
40751, -73990, 0 : 294830
40748, -73988, 0 : 294056
40779, -73955, 0 : 285947
40763, -73973, 0 : 275382
40752, -73975, 0 : 271672
40762, -73978, 0 : 271411
40768, -73982, 0 : 269289
40771, -73982, 0 : 264911
40751, -73976, 0 : 251908
40756, -73989, 0 : 251564
40764, -73973, 0 : 245594
40644, -73781, 0 : 241900
40740, -74007, 0 : 235157
40774, -73873, 0 : 223003
40760, -74002, 0 : 221290
40756, -73974, 0 : 219120
40757, -73989, 0 : 218559
40752, -73977, 0 : 218313
40744, -73991, 0 : 214575
40768, -73862, 0 : 214474
40762, -73982, 0 : 210256
40731, -73982, 0 : 208978
40739, -74002, 0 : 208547
40772, -73982, 0 : 207999
40774, -73874, 0 : 206261
40774, -73963, 0 : 205623
40756, -73972, 0 : 201076
40747, -73985, 0 : 200787
40755, -73975, 0 : 200149
40738, -73987, 0 : 197535
40751, -73975, 0 : 196553
40752, -73979, 0 : 192642
40768, -73981, 0 : 192387
40745, -73978, 0 : 190217
40726, -73991, 0 : 190211
10
