-73991, 40749, 14 : 70.7777556514172
-73991, 40750, 15 : 70.72089323581378
-73991, 40749, 15 : 70.63431281834153
-73991, 40750, 14 : 70.5056776533433
-73991, 40749, 13 : 70.11306943237362
-73991, 40750, 16 : 70.02039086247163
-73991, 40749, 16 : 69.85271447777227
-73991, 40750, 13 : 69.84229110824818
-73991, 40749, 12 : 69.10453719816138
-73991, 40750, 12 : 69.02519902677646
-73991, 40750, 8 : 68.95183547933442
-73991, 40750, 9 : 68.94353463583849
-73992, 40749, 14 : 68.84630271550493
-73991, 40749, 8 : 68.79440563397691
-73991, 40749, 17 : 68.79365657015967
-73991, 40750, 17 : 68.72075762274899
-73992, 40749, 15 : 68.7015219006853
-73991, 40749, 9 : 68.39776696516448
-73992, 40749, 13 : 68.28863967616104
-73991, 40749, 11 : 68.27673390588882
-73990, 40750, 15 : 68.19374946653308
-73990, 40750, 14 : 68.15832220199896
-73991, 40750, 11 : 68.14971199753396
-73991, 40749, 18 : 68.14688241361061
-73991, 40750, 10 : 68.09335920907908
-73992, 40749, 16 : 68.08703652149653
-73991, 40750, 7 : 68.01340505086098
-73991, 40750, 18 : 68.00628693933002
-73991, 40749, 10 : 67.97539699111503
-73991, 40749, 7 : 67.92209604180573
-73991, 40749, 19 : 67.86158831808233
-73990, 40750, 13 : 67.55347923612469
-73990, 40750, 16 : 67.4272902947976
-73991, 40750, 19 : 67.35706783188397
-73992, 40749, 17 : 67.32461571461484
-73991, 40749, 20 : 67.19845684451556
-73992, 40749, 12 : 67.19564086870784
-73990, 40750, 12 : 66.800018414638
-73991, 40750, 20 : 66.67411578624707
-73990, 40750, 8 : 66.62668418991088
-73992, 40749, 18 : 66.5121974513127
-73992, 40749, 8 : 66.49531246013643
-73992, 40749, 9 : 66.4937178222161
-73992, 40749, 11 : 66.42030476418863
-73990, 40750, 17 : 66.41332683004435
-73990, 40750, 9 : 66.39877926210025
-73992, 40749, 10 : 66.39608927622517
-73990, 40750, 10 : 66.09898568032595
-73992, 40749, 19 : 66.08578862017869
-73990, 40750, 11 : 66.05510120115903
319350