-73991, 40749, 0 : 48.04865662193378
-73991, 40750, 0 : 47.70377235175096
-73992, 40749, 0 : 43.33100844623104
-73992, 40750, 0 : 41.87612027504743
-73990, 40750, 0 : 41.47401514978019
-73990, 40749, 0 : 38.93003922323802
-73993, 40751, 0 : 38.83486150511756
-73992, 40748, 0 : 38.267583619385185
-73993, 40750, 0 : 37.534434133480005
-73992, 40751, 0 : 37.10066313017364
-73990, 40751, 0 : 37.057746413099274
-73994, 40751, 0 : 36.68700019146113
-73991, 40751, 0 : 36.64744453722024
-73991, 40748, 0 : 36.224224033607435
-73994, 40750, 0 : 36.19116218000365
-73978, 40752, 0 : 36.104837318658866
-73977, 40752, 0 : 35.716720153195965
-73990, 40756, 0 : 35.40109972596911
-73993, 40749, 0 : 35.099588933658715
-73990, 40748, 0 : 34.25214319729098
-73993, 40752, 0 : 34.01491222484669
-73989, 40756, 0 : 33.90286360442055
-73977, 40753, 0 : 33.67553804016818
-73977, 40751, 0 : 33.60259093454255
-73989, 40757, 0 : 33.54189033256003
-73976, 40751, 0 : 33.47420750618622
-73976, 40752, 0 : 33.064192677447885
-73978, 40753, 0 : 32.98795041589754
-73989, 40749, 0 : 32.565196076239395
-73989, 40748, 0 : 32.286462999386394
-73975, 40752, 0 : 32.23808750180487
-73992, 40752, 0 : 32.21868626735822
-73988, 40748, 0 : 32.02732357220278
-73989, 40750, 0 : 31.869298916128965
-73976, 40753, 0 : 31.81532141484965
-73971, 40757, 0 : 31.689718099056165
-73972, 40756, 0 : 31.63998359416199
-73978, 40751, 0 : 31.633327023646444
-73990, 40755, 0 : 31.631447321845364
-73974, 40756, 0 : 31.546050107336107
-73973, 40763, 0 : 31.33429721444872
-73985, 40759, 0 : 31.20979015494658
-73975, 40755, 0 : 31.07787713227688
-73975, 40751, 0 : 31.048825112266954
-73973, 40756, 0 : 30.994987192974037
-73971, 40758, 0 : 30.991139147982892
-73989, 40751, 0 : 30.980382718782497
-73973, 40755, 0 : 30.97219839969656
-73984, 40760, 0 : 30.91226996813517
-73984, 40759, 0 : 30.891140911322054
61671