-73991, 40749, 14 : 70.75842545575911
-73991, 40750, 15 : 70.70585487066046
-73991, 40749, 15 : 70.61911774291292
-73991, 40750, 14 : 70.48662972870031
-73991, 40749, 13 : 70.09222318702578
-73991, 40750, 16 : 70.00299291706419
-73991, 40749, 16 : 69.83513154532179
-73991, 40750, 13 : 69.8216834578863
-73991, 40749, 12 : 69.08374894641497
-73991, 40750, 12 : 69.00462437324985
-73991, 40750, 8 : 68.934789884812
-73991, 40750, 9 : 68.9278254472054
-73992, 40749, 14 : 68.82791533281583
-73991, 40749, 8 : 68.77715218260388
-73991, 40749, 17 : 68.77495758059732
-73991, 40750, 17 : 68.70224839161895
-73992, 40749, 15 : 68.6872155561849
-73991, 40749, 9 : 68.38190627896198
-73992, 40749, 13 : 68.26879764932478
-73991, 40749, 11 : 68.25679908653642
-73990, 40750, 15 : 68.17813994158573
-73990, 40750, 14 : 68.13867239320378
-73991, 40750, 11 : 68.12996846137406
-73991, 40749, 18 : 68.12708952372057
-73991, 40750, 10 : 68.07683095716375
-73992, 40749, 16 : 68.07041279571988
-73991, 40750, 7 : 67.99510950770862
-73991, 40750, 18 : 67.98671780062038
-73991, 40749, 10 : 67.95871360730384
-73991, 40749, 7 : 67.9035610386975
-73991, 40749, 19 : 67.84241766499177
-73990, 40750, 13 : 67.53219781863442
-73990, 40750, 16 : 67.409261896401
-73991, 40750, 19 : 67.33810502267494
-73992, 40749, 17 : 67.30690955646755
-73991, 40749, 20 : 67.17952677398324
-73992, 40749, 12 : 67.17586986438354
-73990, 40750, 12 : 66.77873340745568
-73991, 40750, 20 : 66.65536373955433
-73990, 40750, 8 : 66.60909519104904
-73992, 40749, 18 : 66.4933971446806
-73992, 40749, 8 : 66.47888459406141
-73992, 40749, 9 : 66.47871009571185
-73992, 40749, 11 : 66.40135831187152
-73990, 40750, 17 : 66.39414576200674
-73990, 40750, 9 : 66.38248006239776
-73992, 40749, 10 : 66.38028903443939
-73990, 40750, 10 : 66.08184366350758
-73992, 40749, 19 : 66.06758293107904
-73990, 40750, 11 : 66.03465495546554
113284