-73991, 40749, 14 : 70.18841343411877
-73991, 40750, 15 : 70.13572807836313
-73991, 40749, 15 : 70.03386969477675
-73991, 40750, 14 : 69.93164938698325
-73991, 40749, 13 : 69.49415000069327
-73991, 40750, 16 : 69.37615977917898
-73991, 40750, 13 : 69.23927264257651
-73991, 40749, 16 : 69.19263456734717
-73991, 40749, 12 : 68.4846329864689
-73991, 40750, 8 : 68.45594120079701
-73991, 40750, 9 : 68.42407299987006
-73991, 40750, 12 : 68.42132382087041
-73991, 40749, 8 : 68.28259634900772
-73992, 40749, 14 : 68.2748038789764
-73992, 40749, 15 : 68.1198586569551
-73991, 40749, 17 : 68.11455426689271
-73991, 40750, 17 : 68.05778655189305
-73991, 40749, 9 : 67.86197639553815
-73992, 40749, 13 : 67.687438233785
-73991, 40749, 11 : 67.67282870231116
-73990, 40750, 15 : 67.586419711544
-73990, 40750, 14 : 67.56291813016692
-73991, 40750, 11 : 67.56232464713226
-73991, 40750, 10 : 67.5565253296769
-73991, 40750, 7 : 67.55006348849172
-73991, 40749, 18 : 67.46697168149521
-73992, 40749, 16 : 67.44732009194199
-73991, 40749, 7 : 67.44348391187431
-73991, 40749, 10 : 67.42176901797548
-73991, 40750, 18 : 67.34262729987374
-73991, 40749, 19 : 67.22081844448587
-73990, 40750, 13 : 66.92878058834826
-73990, 40750, 16 : 66.7590048077444
-73991, 40750, 19 : 66.73285826879861
-73992, 40749, 17 : 66.66576751208375
-73991, 40749, 20 : 66.63223744350552
-73992, 40749, 12 : 66.59355155004155
-73990, 40750, 12 : 66.17497533079859
-73991, 40750, 20 : 66.12348552862782
-73990, 40750, 8 : 66.11307929615973
-73992, 40749, 8 : 65.9990166729648
-73992, 40749, 9 : 65.97393711321438
-73990, 40750, 9 : 65.86084413742469
-73992, 40749, 10 : 65.85837929280382
-73992, 40749, 18 : 65.8517717807653
-73992, 40749, 11 : 65.83405968420202
-73990, 40750, 17 : 65.72642479101657
-73990, 40750, 10 : 65.54345062580585
-73991, 40750, 6 : 65.49795105090908
-73992, 40749, 19 : 65.46337430246653
93331