40750, -73991, 7 : 185.7151947825136
40749, -73991, 7 : 185.41462637033973
40750, -73991, 8 : 184.80909550295578
40749, -73991, 8 : 184.80027163215865
40750, -73991, 6 : 184.33669433425135
40749, -73991, 6 : 183.48434699156692
40749, -73991, 9 : 182.58356853756067
40750, -73991, 9 : 182.48035722465104
40750, -73990, 7 : 181.26756075016473
40750, -73990, 8 : 180.49826307181186
40750, -73991, 5 : 180.41579710097082
40749, -73991, 10 : 179.91126082847106
40750, -73991, 10 : 179.85686115790617
40750, -73990, 6 : 179.83693178529117
40749, -73991, 5 : 179.503694266257
40749, -73992, 7 : 179.38441798278834
40749, -73992, 8 : 179.048766123722
40749, -73990, 7 : 178.96819151174748
40749, -73990, 8 : 178.51657254016834
40750, -73990, 9 : 178.34741093679168
40749, -73992, 6 : 177.6593147339337
40749, -73990, 6 : 177.48751951784172
40749, -73992, 9 : 177.245787673854
40749, -73991, 11 : 177.11597755833785
40750, -73991, 11 : 176.87539044537047
40749, -73990, 9 : 176.75548317591114
40750, -73992, 7 : 176.59440339174324
40750, -73992, 8 : 176.18529859915697
40750, -73990, 5 : 176.12798874244535
40750, -73990, 10 : 175.72164759233152
40750, -73992, 6 : 175.1276133539738
40750, -73991, 4 : 174.59751773833267
40749, -73992, 10 : 174.44795413763464
40749, -73990, 10 : 174.2838418564475
40750, -73992, 9 : 174.2604765332517
40749, -73991, 12 : 173.9614359075072
40749, -73992, 5 : 173.74248671546312
40749, -73990, 5 : 173.68472012772529
40750, -73991, 12 : 173.63543740534166
40749, -73991, 4 : 173.44453594941967
40753, -73977, 8 : 173.17563283909064
40753, -73977, 9 : 172.81690760929104
40750, -73990, 11 : 172.80891526045107
40751, -73990, 7 : 172.55704184527087
40753, -73977, 7 : 172.19236764738085
40753, -73976, 8 : 172.17962927158013
40752, -73977, 8 : 172.01800964914264
40753, -73976, 9 : 171.97708927737236
40751, -73990, 8 : 171.92820196191352
40752, -73977, 9 : 171.56597181797045
145911