-73991, 40749, 1 : 60.73216328127216
-73991, 40750, 1 : 60.53229041481136
-73991, 40749, 0 : 60.46593556477609
-73991, 40750, 0 : 60.41376365543499
-73992, 40749, 0 : 58.4904718127374
-73992, 40749, 1 : 58.27717953951389
-73992, 40750, 0 : 57.797151498532784
-73992, 40750, 1 : 57.73333857431154
-73991, 40750, 2 : 57.68759536122449
-73991, 40749, 2 : 57.60170540367786
-73992, 40749, 2 : 56.52958387518539
-73992, 40750, 2 : 55.993737106406314
-73990, 40750, 0 : 55.765681889636134
-73990, 40750, 1 : 55.63140946592105
-73990, 40749, 0 : 54.01677964548863
-73990, 40750, 2 : 53.802119203066106
-73990, 40749, 1 : 53.63710738696781
-73992, 40751, 0 : 52.48594401931433
-73993, 40751, 0 : 52.47564538771608
-73990, 40749, 2 : 52.42263517125921
-73993, 40750, 0 : 52.308317675654415
-73992, 40748, 0 : 52.22124111852806
-73993, 40751, 1 : 51.99772497145312
-73993, 40750, 1 : 51.93371258475394
-73992, 40748, 1 : 51.46396869671692
-73992, 40751, 2 : 51.3803638596314
-73992, 40751, 1 : 51.28187794245455
-73991, 40751, 0 : 51.234647150141356
-73991, 40748, 0 : 51.10042389809465
-73993, 40750, 2 : 50.95682145759628
-73993, 40751, 2 : 50.9086392504585
-73992, 40748, 2 : 50.78021259033021
-73990, 40751, 0 : 50.55859924774371
-73991, 40751, 1 : 50.14930515004094
-73991, 40751, 2 : 50.027253742121545
-73991, 40748, 1 : 49.95067470325758
-73991, 40748, 2 : 49.89718960574889
-73990, 40751, 1 : 49.60687866063761
-73993, 40749, 0 : 49.2376847106598
-73990, 40751, 2 : 49.204824711622436
-73990, 40748, 0 : 48.942578064153814
-73993, 40749, 2 : 48.19251810081154
-73990, 40748, 2 : 48.04091973509918
-73977, 40752, 0 : 48.008356474567194
-73993, 40749, 1 : 47.91286212689784
-73990, 40748, 1 : 47.33802733584301
-73977, 40752, 1 : 47.062329478438144
-73977, 40753, 0 : 46.96379283568987
-73978, 40752, 0 : 46.869006777550325
-73993, 40752, 0 : 46.656711981036366
119320