-73991, 40749, 1 : 30.80115016867173
-73991, 40750, 1 : 30.578111116083633
-73991, 40750, 0 : 30.376088115035998
-73991, 40749, 0 : 30.237510946153254
-73992, 40749, 0 : 29.28516644713176
-73992, 40749, 1 : 29.17960647729168
-73992, 40750, 1 : 29.0199192728692
-73992, 40750, 0 : 28.963794794624977
-73991, 40749, 2 : 28.822669161555996
-73991, 40750, 2 : 28.69847470642151
-73992, 40749, 2 : 28.030782864035007
-73992, 40750, 2 : 27.866213213938074
-73990, 40750, 1 : 27.77521383486246
-73990, 40750, 0 : 27.642120886922168
-73990, 40749, 0 : 26.527764598550352
-73990, 40750, 2 : 26.429694059922763
-73990, 40749, 1 : 26.418082129559387
-73993, 40751, 0 : 25.85875137198979
-73993, 40750, 0 : 25.816719337168358
-73992, 40751, 0 : 25.723684239684683
-73993, 40751, 1 : 25.69857796128902
-73990, 40749, 2 : 25.565410471281407
-73993, 40750, 1 : 25.518775319775667
-73992, 40748, 0 : 25.341912832763636
-73992, 40748, 1 : 25.149195288542906
-73992, 40751, 1 : 25.147853269921523
-73992, 40751, 2 : 24.988135310723997
-73991, 40751, 0 : 24.935598916627786
-73993, 40751, 2 : 24.81795493127341
-73992, 40748, 2 : 24.772905881940005
-73993, 40750, 2 : 24.69492178309573
-73991, 40748, 0 : 24.652269669288305
-73990, 40751, 0 : 24.442223452577462
-73991, 40751, 1 : 24.42482999695412
-73991, 40751, 2 : 24.197834826274857
-73991, 40748, 1 : 24.17387968804787
-73991, 40748, 2 : 24.0408744779095
-73993, 40749, 0 : 23.975935985461543
-73990, 40751, 1 : 23.951236030536343
-73990, 40751, 2 : 23.669256033626827
-73990, 40748, 0 : 23.321007515418067
-73993, 40749, 1 : 23.214813905066183
-73993, 40749, 2 : 23.087652795859693
-73990, 40748, 2 : 22.959808922383854
-73990, 40748, 1 : 22.55039234755337
-73977, 40752, 0 : 22.324460638019637
-73993, 40752, 0 : 22.280470767222045
-73994, 40751, 1 : 22.25026124386312
-73994, 40750, 0 : 22.20838884095603
-73994, 40750, 1 : 22.128580517930533
81845