-73991, 40750, 0 : 19.557640733442348
-73991, 40750, 1 : 19.342331018727624
-73991, 40749, 0 : 19.207356750517356
-73991, 40749, 1 : 18.670120491449463
-73992, 40749, 1 : 18.22852338320625
-73992, 40749, 0 : 18.168079577321194
-73990, 40750, 1 : 16.829027626446955
-73991, 40750, 2 : 16.79913214088403
-73991, 40749, 2 : 16.79796854708352
-73990, 40750, 0 : 16.652089968491367
-73993, 40751, 0 : 16.607463424453314
-73993, 40751, 1 : 16.450263592954595
-73993, 40752, 0 : 15.148331674697253
-73992, 40748, 1 : 14.845420361454135
-73994, 40751, 1 : 14.573567209665516
-73993, 40752, 1 : 14.437563067409453
-73994, 40751, 0 : 14.229016313336029
-73994, 40750, 0 : 13.651200282504083
-73994, 40750, 1 : 13.635467529441588
-73994, 40751, 2 : 13.255816396871127
-73994, 40750, 2 : 13.029822704845733
-73990, 40756, 0 : 12.305405131043289
-73989, 40756, 0 : 11.979458031541697
-73990, 40756, 1 : 11.923084794981134
-73977, 40752, 1 : 11.815389806203449
-73977, 40752, 0 : 11.810941942777358
-73989, 40756, 1 : 11.60226911141804
-73989, 40757, 1 : 11.567746938356079
-73978, 40752, 1 : 11.517237413495964
-73977, 40752, 2 : 11.455958178038175
-73989, 40757, 0 : 11.283310687018421
-73978, 40752, 0 : 11.074472012028933
-73989, 40756, 2 : 10.828846361074715
-73989, 40757, 2 : 10.812716174267075
-73990, 40756, 2 : 10.74213152741178
-73974, 40756, 0 : 10.714441752811728
-73976, 40751, 1 : 10.68014250932621
-73975, 40752, 0 : 10.622602026719132
-73973, 40755, 1 : 10.581975404707745
-73975, 40755, 2 : 10.537952108499862
-73991, 40754, 0 : 10.512083706456774
-73978, 40752, 2 : 10.510700619676179
-73975, 40752, 1 : 10.481839743281505
-73978, 40762, 1 : 10.338444345830936
-73971, 40757, 1 : 10.30677918249553
-73973, 40756, 1 : 10.285226227409408
-73975, 40755, 1 : 10.284469540362002
-73972, 40756, 1 : 10.228251116672473
-73978, 40762, 0 : 10.195515709822182
-73973, 40763, 1 : 10.139988270805405
15883