-73991, 40749, 1 : 38.365763329890534
-73991, 40750, 1 : 38.093569389604426
-73991, 40749, 0 : 37.9513759493479
-73991, 40750, 0 : 37.87196128218183
-73992, 40749, 1 : 36.606076625815206
-73992, 40749, 0 : 36.50838200438946
-73992, 40750, 1 : 36.26194750231859
-73991, 40749, 2 : 36.21610035559659
-73991, 40750, 2 : 36.173512079346786
-73992, 40750, 0 : 36.10854211245641
-73992, 40749, 2 : 35.25525445570796
-73992, 40750, 2 : 34.95889149355427
-73990, 40750, 1 : 34.78403932571935
-73990, 40750, 0 : 34.636348994235476
-73990, 40749, 0 : 33.47900198705379
-73990, 40750, 2 : 33.44912275574619
-73990, 40749, 1 : 33.36854549559455
-73990, 40749, 2 : 32.458374214304655
-73992, 40751, 0 : 32.3174015221374
-73993, 40751, 0 : 32.30315488660297
-73992, 40748, 0 : 32.238356091228546
-73993, 40750, 0 : 32.19784255212516
-73993, 40751, 1 : 32.066353728321346
-73993, 40750, 1 : 32.032156795016384
-73992, 40748, 1 : 31.894166144890438
-73992, 40751, 2 : 31.665840828649333
-73992, 40751, 1 : 31.664811465930093
-73991, 40748, 0 : 31.52641920821338
-73991, 40751, 0 : 31.520093629130933
-73992, 40748, 2 : 31.34476766130525
-73993, 40751, 2 : 31.323225539756457
-73993, 40750, 2 : 31.27582023218737
-73990, 40751, 0 : 31.045376887905256
-73991, 40751, 1 : 30.91475476145588
-73991, 40748, 1 : 30.856378408877504
-73991, 40751, 2 : 30.775647088638863
-73991, 40748, 2 : 30.73199747078256
-73990, 40751, 1 : 30.49226115952234
-73993, 40749, 0 : 30.18645307120129
-73990, 40751, 2 : 30.159773678469424
-73990, 40748, 0 : 30.033779220676088
-73990, 40748, 2 : 29.42964453770777
-73993, 40749, 2 : 29.372336376825558
-73993, 40749, 1 : 29.27731084651011
-73977, 40752, 0 : 29.08486067004722
-73990, 40748, 1 : 29.06964826259899
-73977, 40752, 1 : 28.621224276166597
-73977, 40753, 0 : 28.46379538244766
-73989, 40749, 0 : 28.390627398700833
-73978, 40752, 0 : 28.373932326101382
79324