40750, -73991, 7 : 204.58387018392173
40749, -73991, 7 : 204.2534428699418
40750, -73991, 8 : 203.6646708837713
40749, -73991, 8 : 203.65504702629727
40750, -73991, 6 : 203.02215184360654
40749, -73991, 6 : 202.08482899081963
40749, -73991, 9 : 201.34741781504414
40750, -73991, 9 : 201.23470404098617
40750, -73990, 7 : 199.6945351217775
40750, -73990, 8 : 198.927294172986
40750, -73991, 5 : 198.6816435336592
40749, -73991, 10 : 198.62868186386538
40750, -73991, 10 : 198.5715082823429
40750, -73990, 6 : 198.0735792706192
40749, -73991, 5 : 197.6785980592071
40749, -73992, 7 : 197.61665985623532
40749, -73992, 8 : 197.3231890204698
40749, -73990, 7 : 197.16464834239062
40749, -73990, 8 : 196.74626665019204
40750, -73990, 9 : 196.6966347891972
40753, -73982, 29 : 195.99126278839475
40749, -73991, 11 : 195.92681913137977
40753, -73981, 29 : 195.77146016486526
40754, -73981, 29 : 195.7045001521525
40749, -73992, 6 : 195.67448625231472
40750, -73991, 11 : 195.66312310234156
40749, -73990, 6 : 195.48901724629343
40749, -73992, 9 : 195.467497379958
40754, -73982, 29 : 195.43472061943854
40752, -73982, 29 : 195.01876295062203
40749, -73990, 9 : 194.94266630904883
40753, -73983, 29 : 194.76717437433868
40750, -73992, 7 : 194.54663465489932
40752, -73983, 29 : 194.1938446463218
40750, -73992, 8 : 194.17240504534425
40750, -73990, 10 : 194.0383816301284
40754, -73983, 29 : 194.0009167498685
40750, -73990, 5 : 193.96561953044497
40752, -73981, 29 : 193.96119993918126
40753, -73982, 30 : 193.79017829427195
40753, -73982, 28 : 193.7072898872921
40755, -73981, 29 : 193.66022241735087
40754, -73982, 28 : 193.50106532306032
40753, -73981, 30 : 193.43007788391782
40752, -73982, 30 : 193.3477380523924
40754, -73980, 29 : 193.20156555215664
40755, -73982, 29 : 193.19465897476815
40749, -73991, 12 : 193.07775817705024
40750, -73992, 6 : 192.8886385769915
40753, -73983, 30 : 192.78095160441222
262965
 data num : 287132762