40750, -73991, 7 : 95.29745638435864
40750, -73991, 6 : 94.14185382514984
40749, -73991, 7 : 93.04365374600631
40750, -73991, 5 : 93.0076153468676
40750, -73991, 8 : 92.7905217568463
40749, -73991, 6 : 91.51838784712905
40749, -73991, 8 : 90.93616269218128
40750, -73991, 4 : 90.6154856794858
40749, -73991, 5 : 89.91931875959644
40750, -73991, 9 : 88.7850802813142
40750, -73991, 1 : 88.77407454265506
40750, -73991, 15 : 88.22831938444048
40750, -73991, 18 : 88.19659696124651
40750, -73991, 16 : 87.78550025250837
40750, -73991, 17 : 87.64976280904575
40750, -73991, 14 : 87.56409068654231
40750, -73991, 3 : 87.41497371765095
40749, -73991, 4 : 87.39231484394098
40749, -73991, 9 : 87.35433425562711
40750, -73991, 2 : 87.17090527797492
40750, -73991, 10 : 86.86188140033029
40749, -73991, 18 : 86.51336634279113
40750, -73991, 19 : 86.50473439090162
40749, -73991, 15 : 85.3672589306608
40749, -73991, 19 : 85.31525142052648
40749, -73991, 10 : 85.25525935489435
40749, -73991, 1 : 85.24900118977445
40749, -73991, 16 : 85.1467125598837
40749, -73991, 14 : 85.12254309459306
40749, -73991, 17 : 85.04679771676257
40750, -73991, 20 : 85.0122699092045
40750, -73991, 11 : 84.69914585441235
40750, -73990, 7 : 84.57700373517572
40750, -73991, 13 : 84.45464581714185
40749, -73991, 20 : 84.06361839654683
40749, -73991, 3 : 84.0053527212926
40749, -73991, 2 : 83.96176136425055
40750, -73991, 31 : 83.95097142438865
40750, -73991, 12 : 83.94449746047152
40750, -73990, 6 : 83.68273351942199
40749, -73991, 11 : 83.28911651326011
40750, -73991, 21 : 82.9710290861315
40750, -73990, 5 : 82.77918395538703
40749, -73991, 13 : 82.48699238392695
40750, -73991, 30 : 82.3568657091925
40750, -73991, 22 : 82.26795660473051
40750, -73990, 8 : 82.21335950902933
40749, -73991, 12 : 82.11042348274687
40749, -73991, 21 : 81.79514143998233
40750, -73991, 29 : 81.7202592573408
183782
 data num : 287132762