40750, -73991, 6 : 174.64211045430753
40750, -73991, 5 : 174.25153059227551
40749, -73991, 6 : 173.88067598080883
40749, -73991, 5 : 173.3876912241269
40750, -73991, 7 : 171.18879438185965
40749, -73991, 7 : 170.9097956775538
40750, -73991, 4 : 170.84668035582607
40750, -73990, 5 : 169.70470894723428
40750, -73990, 6 : 169.68842620624105
40749, -73991, 4 : 169.6880255168466
40749, -73992, 6 : 168.47792877216426
40749, -73992, 5 : 167.88161335548568
40749, -73990, 6 : 167.3704401701654
40749, -73990, 5 : 167.29001112491963
40750, -73990, 4 : 166.07051263676823
40750, -73990, 7 : 166.06578001072313
40750, -73992, 6 : 165.84298130666213
40749, -73992, 7 : 165.5424959656732
40750, -73992, 5 : 165.46008725934075
40750, -73991, 3 : 164.2177193078586
40750, -73991, 8 : 164.1942474925064
40749, -73992, 4 : 164.16597847205628
40749, -73991, 8 : 163.95318790793326
40749, -73990, 7 : 163.658866225376
40749, -73990, 4 : 163.56162867168104
40749, -73991, 3 : 163.27754723423436
40750, -73992, 7 : 162.71642979473623
40751, -73990, 5 : 161.7648080312767
40750, -73992, 4 : 161.72785464321868
40751, -73990, 6 : 161.1618588954916
40751, -73991, 5 : 160.68011789318058
40751, -73991, 6 : 160.24216530029457
40748, -73991, 6 : 159.83674131330807
40748, -73991, 5 : 159.67033817548662
40750, -73990, 3 : 159.64629096039877
40750, -73990, 8 : 159.28370127996143
40749, -73992, 8 : 159.1056437070406
40751, -73990, 4 : 158.63987124288988
40753, -73977, 6 : 158.39338124511346
40749, -73992, 3 : 158.1515900839338
40753, -73977, 5 : 158.0887292592407
40748, -73992, 6 : 157.98800378839314
40748, -73992, 5 : 157.64676812097971
40752, -73977, 6 : 157.58302216249263
40748, -73990, 5 : 157.47852558534635
40751, -73992, 5 : 157.42839544881207
40751, -73991, 4 : 157.39679187009912
40748, -73990, 6 : 157.38037766442775
40753, -73976, 6 : 157.35447677508685
40752, -73977, 5 : 157.201317348758
142091