0, 0, 107 : 466.4097507487929
0, 0, 86 : 453.3399895860385
0, 0, 9 : 448.4397165375631
0, 0, 71 : 448.1977274361199
0, 0, 106 : 446.93576271063387
0, 0, 72 : 444.2823396979559
0, 0, 15 : 435.6775750858904
0, 0, 85 : 423.6717379952761
0, 0, 14 : 413.7113710120802
0, 0, 70 : 408.95302066074856
0, 0, 16 : 405.0992231548849
0, 0, 78 : 404.4030115172601
0, 0, 30 : 404.1427716630896
0, 0, 8 : 398.63089081292634
0, 0, 105 : 395.98089839037925
0, 0, 79 : 394.6171205576146
0, 0, 77 : 390.97630147144673
0, 0, 108 : 389.51535157114375
0, 0, 13 : 389.17178509219593
0, 0, 12 : 368.9602646327464
0, 0, 10 : 367.17317057090924
0, 0, 76 : 363.20818631588304
0, 0, 87 : 362.9030483786264
0, 0, 84 : 360.20201551089
0, 0, 155 : 358.06817241123747
0, 0, 29 : 354.95751954618834
0, 0, 7 : 349.7336199917713
0, 0, 91 : 343.96836028345996
0, 0, 73 : 343.8135381945919
0, 0, 22 : 342.6802058343199
0, 0, 21 : 341.9976931740727
0, 0, 154 : 341.36008247070606
0, 0, 69 : 341.33202915864126
0, 0, 90 : 340.99074701229904
0, 0, 156 : 338.4517235290053
0, 0, 80 : 332.711570587438
0, 0, 104 : 330.3752941660058
0, 0, 11 : 328.6718130213399
0, 0, 100 : 326.05647218548904
0, 0, 92 : 324.2391879194747
0, 0, 89 : 322.29560380386795
0, 0, 83 : 319.3615498294031
0, 0, 161 : 319.3259702319964
0, 0, 162 : 316.3819712472827
0, 0, 17 : 309.36400565048956
0, 0, 75 : 303.33360168043043
0, 0, 88 : 302.33546221334007
0, 0, 109 : 300.7889983667425
0, 0, 20 : 300.3523633786258
0, 0, 153 : 296.72007989605066
93309