-73992, 40752, 0 : 18.17626029359918
-73990, 40748, 2 : 18.422028423167948
-73993, 40752, 0 : 18.560986180626333
-73990, 40748, 0 : 18.748985695084073
-73994, 40751, 0 : 18.76640890571908
-73994, 40750, 1 : 18.902636848722132
-73994, 40750, 0 : 19.06301363621601
-73993, 40749, 2 : 19.149805686814908
-73993, 40749, 1 : 19.21521399952617
-73994, 40751, 1 : 19.40562464048856
-73990, 40751, 2 : 19.410477397309517
-73991, 40748, 2 : 19.485689593719176
-73991, 40748, 1 : 19.70689467518884
-73993, 40749, 0 : 19.735403711860126
-73990, 40751, 1 : 19.872743179967213
-73991, 40751, 2 : 19.901110894575996
-73991, 40748, 0 : 19.962991476578875
-73991, 40751, 1 : 20.333287467566986
-73992, 40748, 2 : 20.364848765781712
-73990, 40751, 0 : 20.42013675340325
-73992, 40748, 1 : 20.4471276851056
-73992, 40748, 0 : 20.741341886031275
-73993, 40750, 2 : 20.788246876843967
-73992, 40751, 2 : 20.84717164996554
-73991, 40751, 0 : 20.946058000773096
-73990, 40749, 2 : 20.99814077606271
-73993, 40751, 2 : 21.047500174705366
-73992, 40751, 1 : 21.310436968706707
-73993, 40750, 1 : 21.357224771384313
-73993, 40750, 0 : 21.587684133304094
-73993, 40751, 1 : 21.724694907463977
-73992, 40751, 0 : 21.806302657877907
-73990, 40749, 1 : 21.898014694953062
-73990, 40750, 2 : 21.909537195824356
-73993, 40751, 0 : 21.917131804082654
-73990, 40749, 0 : 21.968771487952505
-73990, 40750, 0 : 23.09893771813725
-73990, 40750, 1 : 23.17744537470806
-73992, 40750, 2 : 23.28662777852474
-73992, 40749, 2 : 23.298669868123156
-73991, 40749, 2 : 23.832703324437894
-73991, 40750, 2 : 23.86145756327058
-73992, 40749, 0 : 24.346880287361255
-73992, 40749, 1 : 24.370504951593304
-73992, 40750, 0 : 24.38694087840259
-73992, 40750, 1 : 24.40123005632789
-73991, 40749, 0 : 25.3279881660157
-73991, 40750, 0 : 25.677283425864097
-73991, 40750, 1 : 25.736450287838057
-73991, 40749, 1 : 25.93151396978591
42903