-73991, 40749, 1 : 46.35858689977492
-73991, 40750, 1 : 46.181161672335044
-73991, 40749, 0 : 46.10544455272579
-73991, 40750, 0 : 46.0469324985033
-73992, 40749, 0 : 44.38910055029672
-73992, 40749, 1 : 44.3145141256619
-73992, 40750, 1 : 43.92282908675607
-73992, 40750, 0 : 43.88931626031241
-73991, 40750, 2 : 43.882860558436505
-73991, 40749, 2 : 43.84007339223029
-73992, 40749, 2 : 42.81526156146856
-73992, 40750, 2 : 42.45290608805376
-73990, 40750, 0 : 42.36330236626154
-73990, 40750, 1 : 42.3417322477615
-73990, 40749, 0 : 40.988811876058406
-73990, 40750, 2 : 40.824915739880794
-73990, 40749, 1 : 40.75052843073264
-73990, 40749, 2 : 39.709411428781394
-73992, 40751, 0 : 39.63800772505265
-73993, 40751, 0 : 39.50688114690841
-73992, 40748, 0 : 39.41708536225301
-73993, 40750, 0 : 39.34322240491466
-73993, 40751, 1 : 39.2159708510214
-73993, 40750, 1 : 39.08259989854472
-73992, 40748, 1 : 38.88920964504072
-73992, 40751, 2 : 38.795881586879055
-73992, 40751, 1 : 38.76303129691019
-73991, 40751, 0 : 38.72381114467869
-73991, 40748, 0 : 38.62378184478755
-73993, 40751, 2 : 38.41319773342176
-73993, 40750, 2 : 38.336317495797914
-73992, 40748, 2 : 38.244387432855206
-73990, 40751, 0 : 38.23093036835362
-73991, 40751, 1 : 37.92352526645544
-73991, 40751, 2 : 37.75269743071271
-73991, 40748, 1 : 37.72261331272265
-73991, 40748, 2 : 37.623965755048005
-73990, 40751, 1 : 37.49312758280525
-73990, 40751, 2 : 37.14771209145282
-73990, 40748, 0 : 36.972035707469054
-73993, 40749, 0 : 36.94639419529493
-73990, 40748, 2 : 36.22512773986874
-73977, 40752, 0 : 36.21055718552862
-73993, 40749, 2 : 36.11574775609709
-73993, 40749, 1 : 35.9073740189154
-73990, 40748, 1 : 35.74443262871144
-73977, 40752, 1 : 35.551383470942305
-73977, 40753, 0 : 35.468741089379165
-73978, 40752, 0 : 35.3016797133074
-73989, 40749, 0 : 35.17066977863484
641535