-73991, 40749, 1 : 25.93151396978591
-73991, 40750, 1 : 25.736450287838057
-73991, 40750, 0 : 25.677283425864097
-73991, 40749, 0 : 25.3279881660157
-73992, 40749, 1 : 24.370504951593304
-73992, 40749, 0 : 24.346880287361255
-73991, 40750, 2 : 23.86145756327058
-73991, 40749, 2 : 23.832703324437894
-73992, 40749, 2 : 23.298669868123156
-73990, 40750, 1 : 23.17744537470806
-73990, 40750, 0 : 23.09893771813725
-73993, 40751, 0 : 21.917131804082654
-73990, 40750, 2 : 21.909537195824356
-73993, 40751, 1 : 21.724694907463977
-73993, 40751, 2 : 21.047500174705366
-73992, 40748, 0 : 20.741341886031275
-73992, 40748, 1 : 20.4471276851056
-73990, 40751, 0 : 20.42013675340325
-73992, 40748, 2 : 20.364848765781712
-73990, 40751, 1 : 19.872743179967213
-73990, 40751, 2 : 19.410477397309517
-73994, 40751, 1 : 19.40562464048856
-73993, 40749, 1 : 19.21521399952617
-73994, 40750, 0 : 19.06301363621601
-73994, 40750, 1 : 18.902636848722132
-73994, 40751, 0 : 18.76640890571908
-73993, 40752, 0 : 18.560986180626333
-73993, 40752, 2 : 18.14968543999835
-73993, 40752, 1 : 18.026489668102716
-73994, 40751, 2 : 17.874125285489523
-73994, 40750, 2 : 17.79189022579753
-73977, 40752, 0 : 17.41754158028155
-73977, 40752, 1 : 17.306119059107605
-73977, 40753, 0 : 17.009991200281263
-73978, 40752, 1 : 16.801148874166195
-73977, 40752, 2 : 16.70346108567947
-73978, 40752, 0 : 16.601090804897375
-73977, 40753, 1 : 16.51175381270212
-73977, 40753, 2 : 16.493130397336827
-73977, 40751, 0 : 16.34877925472044
-73990, 40756, 1 : 16.2683919195973
-73976, 40751, 0 : 16.189758364338328
-73977, 40751, 1 : 16.17592243062432
-73976, 40751, 1 : 16.16705866775988
-73989, 40757, 1 : 16.143450112269196
-73989, 40757, 0 : 16.050256375948916
-73989, 40756, 0 : 16.02919727441673
-73978, 40752, 2 : 15.93461048696148
-73989, 40756, 1 : 15.884421013587682
-73972, 40756, 0 : 15.879871092255405
8925