40745, -73987, 9 : 370.4547463562529
40745, -73986, 9 : 369.6172155102257
40745, -73988, 9 : 369.07766897857937
40746, -73987, 9 : 368.95053742927064
40746, -73986, 9 : 368.4992152015891
40744, -73987, 9 : 368.4570895510923
40747, -73986, 9 : 367.6310549573697
40747, -73987, 9 : 367.4738167734176
40744, -73988, 9 : 367.4034800743632
40745, -73987, 15 : 367.31433620357217
40745, -73987, 11 : 367.31433620357217
40745, -73987, 10 : 367.31433620357217
40745, -73987, 14 : 367.31433620357217
40745, -73987, 16 : 367.31433620357217
40745, -73987, 18 : 367.31433620357217
40745, -73987, 12 : 367.31433620357217
40745, -73987, 19 : 367.31433620357217
40745, -73987, 17 : 367.31433620357217
40745, -73987, 13 : 367.31433620357217
40745, -73987, 20 : 367.31433620357217
40748, -73986, 9 : 367.31176916481604
40744, -73986, 9 : 367.2781759245904
40746, -73988, 9 : 367.1083095916062
40745, -73985, 9 : 366.9736593387341
40748, -73987, 9 : 366.7627083365808
40745, -73986, 11 : 366.4755485092563
40745, -73986, 12 : 366.4755485092563
40745, -73986, 19 : 366.4755485092563
40745, -73986, 17 : 366.4755485092563
40745, -73986, 16 : 366.4755485092563
40745, -73986, 18 : 366.4755485092563
40745, -73986, 14 : 366.4755485092563
40745, -73986, 13 : 366.4755485092563
40745, -73986, 10 : 366.4755485092563
40745, -73986, 15 : 366.4755485092563
40745, -73986, 20 : 366.4755485092563
40746, -73985, 9 : 366.14208799716374
40745, -73988, 12 : 365.9490748583039
40745, -73988, 11 : 365.9490748583039
40745, -73988, 15 : 365.9490748583039
40745, -73988, 10 : 365.9490748583039
40745, -73988, 16 : 365.9490748583039
40745, -73988, 17 : 365.9490748583039
40745, -73988, 13 : 365.9490748583039
40745, -73988, 19 : 365.9490748583039
40745, -73988, 14 : 365.9490748583039
40745, -73988, 18 : 365.9490748583039
40745, -73988, 20 : 365.9490748583039
40746, -73987, 10 : 365.82055313880716
40746, -73987, 11 : 365.82055313880716
282247
 data num : 174045672