40750, -73991, 7 : 141.89525063693029
40750, -73991, 6 : 140.89618093629724
40750, -73991, 8 : 139.96334758716844
40749, -73991, 7 : 139.44935561404634
40749, -73991, 8 : 138.493052368838
40750, -73991, 9 : 137.47874802601788
40750, -73991, 5 : 136.83304717838982
40750, -73991, 10 : 135.9923307545752
40749, -73991, 6 : 135.83779338515436
40749, -73991, 9 : 135.41476031646556
40750, -73991, 4 : 135.22301903790853
40750, -73991, 11 : 134.5121562975864
40749, -73991, 10 : 133.40360356923992
40749, -73991, 11 : 133.09666692950805
40749, -73991, 5 : 132.1124476850713
40750, -73991, 14 : 130.1215089157493
40749, -73991, 12 : 129.26936510964248
40750, -73991, 12 : 128.99006966850703
40749, -73991, 4 : 128.97642763957
40750, -73991, 13 : 128.49298108757793
40749, -73991, 14 : 128.0216577574443
40749, -73991, 13 : 127.81988413426076
40750, -73991, 3 : 127.76475711747075
40750, -73991, 15 : 127.54374189254733
40749, -73991, 15 : 126.01913236044032
40749, -73991, 3 : 123.86775730181995
40750, -73990, 7 : 121.6773855059935
40750, -73990, 8 : 120.99009520958039
40749, -73991, 16 : 120.49605095318853
40750, -73991, 2 : 120.28362691470973
40750, -73991, 16 : 120.16169346187787
40750, -73990, 6 : 119.71928303679543
40750, -73990, 9 : 118.73851203868885
40752, -73978, 8 : 118.47990844246374
40749, -73992, 7 : 117.799849344977
40749, -73992, 8 : 117.43503883741677
40750, -73991, 1 : 117.22849925217588
40749, -73991, 2 : 117.20084920562076
40749, -73991, 17 : 117.03180409349106
40750, -73990, 5 : 117.01532262586146
40752, -73978, 7 : 116.92020924072217
40750, -73990, 10 : 116.80654758357431
40752, -73978, 9 : 116.29163596297377
40749, -73992, 9 : 116.25929183891915
40749, -73991, 1 : 116.24676700416877
40749, -73992, 6 : 116.05938021716598
40750, -73990, 11 : 116.0565100523251
40752, -73978, 10 : 115.77024602604752
40752, -73978, 6 : 115.64561320963072
40750, -73991, 17 : 115.2133596666976
124736
 data num : 174045672