40750, -73991, 7 : 141.1206419647776
40750, -73991, 6 : 140.12132717263327
40750, -73991, 8 : 139.18826494323105
40749, -73991, 7 : 138.70596647399614
40749, -73991, 8 : 137.74942838689498
40750, -73991, 9 : 136.703058361068
40750, -73991, 5 : 136.05719783972887
40750, -73991, 10 : 135.21627688582186
40749, -73991, 6 : 135.093518465952
40749, -73991, 9 : 134.6703837931638
40750, -73991, 4 : 134.44677537061187
40750, -73991, 11 : 133.73573958112812
40749, -73991, 10 : 132.65873422290608
40749, -73991, 11 : 132.35172230854093
40749, -73991, 5 : 131.3672599863189
40750, -73991, 14 : 129.34401648177527
40749, -73991, 12 : 128.52348251522486
40749, -73991, 4 : 128.23047157532997
40750, -73991, 12 : 128.21229956880947
40750, -73991, 13 : 127.71508948410667
40749, -73991, 14 : 127.27546967460593
40749, -73991, 13 : 127.07364659456033
40750, -73991, 3 : 126.98668695823719
40750, -73991, 15 : 126.7656176204498
40749, -73991, 15 : 125.27245343732075
40749, -73991, 3 : 123.12055077476603
40750, -73990, 7 : 120.94745210145435
40750, -73990, 8 : 120.25999288959244
40749, -73991, 16 : 119.74801826405402
40750, -73991, 2 : 119.50372310157331
40750, -73991, 16 : 119.38175977116896
40750, -73990, 6 : 118.98886947160966
40750, -73990, 9 : 118.00785981248475
40752, -73978, 8 : 117.08256868258346
40749, -73992, 7 : 116.96470527966441
40749, -73992, 8 : 116.59980491137507
40749, -73991, 2 : 116.45200859916535
40750, -73991, 1 : 116.4478471908788
40750, -73990, 5 : 116.28424663352688
40749, -73991, 17 : 116.28292228059269
40750, -73990, 10 : 116.07542194521137
40752, -73978, 7 : 115.52248762216338
40749, -73991, 1 : 115.49769313814984
40749, -73992, 9 : 115.42377170555316
40750, -73990, 11 : 115.32520053058626
40749, -73992, 6 : 115.22380898738655
40752, -73978, 9 : 114.89376181691554
40750, -73991, 17 : 114.43221308672778
40752, -73978, 10 : 114.37224403068086
40752, -73978, 6 : 114.24757878466966
139283
 data num : 174045672