40750, -73991, 3 : 393.18839180941575
40749, -73991, 3 : 392.8391801355714
40750, -73991, 2 : 385.24733345556257
40749, -73991, 2 : 383.96223971219246
40749, -73992, 3 : 381.79677685928294
40750, -73990, 3 : 377.2843943801933
40749, -73991, 4 : 374.8392882833742
40750, -73991, 4 : 374.81763248191544
40750, -73992, 3 : 374.04492418036807
40749, -73992, 2 : 372.57381821668247
40749, -73990, 3 : 371.8112312276436
40750, -73990, 2 : 369.99723163270534
40750, -73992, 2 : 365.2531641651984
40749, -73992, 4 : 364.9898887628832
40749, -73990, 2 : 363.54882253892976
40750, -73990, 4 : 360.5897580842508
40750, -73992, 4 : 357.62739371883976
40748, -73991, 3 : 355.82475295057094
40749, -73990, 4 : 355.4880300251029
40748, -73992, 3 : 354.39663195995433
40751, -73991, 3 : 353.1227048208257
40751, -73990, 3 : 353.0834579094955
40750, -73991, 1 : 350.2478358544064
40751, -73992, 3 : 349.2773220272012
40749, -73991, 1 : 347.5041977395876
40753, -73977, 3 : 347.05023730073515
40752, -73977, 3 : 346.9951143218211
40751, -73990, 2 : 346.0947487583563
40748, -73990, 3 : 346.04808758505214
40752, -73976, 3 : 345.7814875357181
40753, -73976, 3 : 345.26074300970043
40751, -73991, 2 : 345.0283328184868
40748, -73991, 2 : 344.9855425691901
40748, -73992, 2 : 344.2180456766677
40751, -73992, 2 : 340.7425511062629
40748, -73991, 4 : 339.23117750950655
40748, -73992, 4 : 338.2017089001292
40751, -73977, 3 : 338.160333885167
40754, -73976, 3 : 337.67628855766225
40752, -73977, 2 : 337.6617912089419
40750, -73993, 3 : 337.46370996029816
40753, -73977, 2 : 337.29396863889133
40752, -73978, 3 : 337.215014111551
40751, -73990, 4 : 336.9108032172089
40748, -73990, 2 : 336.49308477129995
40751, -73991, 4 : 336.21858551790814
40750, -73990, 1 : 335.9015807111723
40751, -73976, 3 : 335.7386094897303
40749, -73989, 3 : 335.6662238115287
40752, -73976, 2 : 335.10791875840624
134351
 data num : 174045672