40750, -73991, 7 : 185.53155020725566
40749, -73991, 7 : 185.23138706356582
40750, -73991, 8 : 184.69944020243074
40749, -73991, 8 : 184.6909770734639
40750, -73991, 6 : 183.99160471887024
40749, -73991, 6 : 183.14005097882819
40749, -73991, 9 : 182.50381582215698
40750, -73991, 9 : 182.40023395535468
40750, -73990, 7 : 181.08506170986402
40750, -73990, 8 : 180.38925922536646
40749, -73991, 10 : 179.83160539809506
40750, -73991, 10 : 179.77683476942934
40750, -73991, 5 : 179.7129821405052
40750, -73990, 6 : 179.49465499228924
40749, -73992, 7 : 179.20141104015374
40749, -73992, 8 : 178.93901639885232
40749, -73991, 5 : 178.8027487516468
40749, -73990, 7 : 178.7862916295908
40749, -73990, 8 : 178.40789780868414
40750, -73990, 9 : 178.26780259107767
40749, -73992, 6 : 177.3173918106723
40749, -73992, 9 : 177.1653803326426
40749, -73990, 6 : 177.14671604840126
40749, -73991, 11 : 177.00727908354585
40750, -73991, 11 : 176.76632925696103
40749, -73990, 9 : 176.676152341769
40750, -73992, 7 : 176.41130591896507
40750, -73992, 8 : 176.07513694463398
40750, -73990, 10 : 175.6421360524191
40750, -73990, 5 : 175.43283117787664
40750, -73992, 6 : 174.7865159672082
40749, -73992, 10 : 174.36765541494063
40749, -73990, 10 : 174.2046068448922
40750, -73992, 9 : 174.1795608114128
40749, -73991, 12 : 173.7805602800029
40750, -73991, 12 : 173.45423837405193
40750, -73991, 4 : 173.07296730368904
40753, -73977, 8 : 173.0603716767342
40749, -73992, 5 : 173.0505769738538
40749, -73990, 5 : 172.99391167249476
40753, -73977, 9 : 172.73062652685618
40750, -73990, 11 : 172.70049063190075
40751, -73990, 7 : 172.3754908544069
40753, -73976, 8 : 172.060667046612
40753, -73977, 7 : 172.0048774443219
40749, -73991, 4 : 171.92620983164704
40752, -73977, 8 : 171.89969606841507
40753, -73976, 9 : 171.88693225139724
40751, -73990, 8 : 171.8191572374171
40752, -73977, 9 : 171.4765593419644
146971
 data num : 174045672