40750, -73991, 25 : 52.25305808781666
40750, -73991, 26 : 52.20970795966308
40749, -73991, 26 : 51.98429483470823
40749, -73991, 25 : 51.95407654495645
40750, -73991, 27 : 51.93048645327382
40749, -73991, 27 : 51.91022240551401
40750, -73991, 24 : 51.83688756192015
40750, -73991, 28 : 51.72881796629556
40749, -73991, 28 : 51.66215107706943
40749, -73991, 24 : 51.647122137047376
40749, -73991, 29 : 51.46482532364479
40750, -73991, 29 : 51.41565311642936
40750, -73991, 23 : 51.36054010813905
40749, -73991, 30 : 51.23101088908658
40750, -73991, 30 : 51.228368690881474
40749, -73991, 23 : 51.06559061405429
40750, -73991, 16 : 51.05758080326877
40750, -73990, 26 : 51.00677793708965
40749, -73991, 31 : 50.993760023362405
40750, -73990, 25 : 50.990404454694065
40750, -73991, 31 : 50.971618070258856
40750, -73991, 17 : 50.920236221397225
40750, -73990, 27 : 50.84837198011027
40750, -73991, 22 : 50.69959637901066
40750, -73991, 18 : 50.69552690684147
40750, -73991, 15 : 50.680427578164675
40750, -73990, 24 : 50.658675171715245
40749, -73991, 17 : 50.62981171819317
40749, -73991, 16 : 50.611143231985615
40750, -73990, 28 : 50.585292970844925
40750, -73991, 32 : 50.54899715933268
40749, -73991, 32 : 50.468972714506066
40749, -73991, 22 : 50.46589714980179
40750, -73991, 19 : 50.43731607468404
40749, -73991, 18 : 50.37530160001758
40750, -73990, 29 : 50.35651355416645
40749, -73992, 26 : 50.34250805327738
40749, -73990, 26 : 50.29744983033282
40749, -73990, 25 : 50.262772369461274
40749, -73992, 25 : 50.251508509443056
40749, -73990, 27 : 50.242247271724096
40749, -73991, 15 : 50.24194906833307
40750, -73991, 21 : 50.21125615358663
40749, -73992, 27 : 50.19029080139675
40750, -73991, 20 : 50.16240336742811
40750, -73990, 30 : 50.1385276160447
40749, -73991, 19 : 50.12698139146729
40750, -73990, 23 : 50.09111740272191
40750, -73991, 14 : 50.01844315886793
40749, -73992, 24 : 50.00695654450943
234542
 data num : 174045672