40750, -73991, 26 : 47.51166945788793
40750, -73991, 25 : 47.50734557761861
40750, -73991, 23 : 47.001630064119595
40750, -73991, 24 : 46.73053306385945
40750, -73991, 28 : 46.68287116297794
40750, -73991, 19 : 46.25169518644135
40749, -73991, 26 : 46.21399279230278
40750, -73991, 31 : 46.192331759883146
40749, -73991, 31 : 46.0965898992637
40749, -73991, 28 : 46.05048100269702
40749, -73991, 25 : 46.02964940564571
40749, -73991, 24 : 45.96251033362734
40750, -73991, 16 : 45.95831123945392
40749, -73991, 27 : 45.94076625352084
40750, -73991, 22 : 45.92547460048143
40750, -73991, 30 : 45.90046683681041
40750, -73991, 32 : 45.8873335600429
40750, -73991, 27 : 45.81664666043563
40749, -73991, 29 : 45.64717529138201
40749, -73991, 30 : 45.58801999320854
40750, -73991, 29 : 45.57971354237401
40749, -73991, 23 : 45.421177285472574
40750, -73991, 33 : 45.275389012321355
40750, -73991, 21 : 45.265743402096064
40750, -73991, 17 : 45.25927599948997
40750, -73991, 18 : 45.23068770931093
40749, -73991, 32 : 45.07715614170346
40749, -73991, 19 : 44.831493504944035
40750, -73991, 20 : 44.78034135903388
40749, -73991, 22 : 44.70349845376756
40750, -73991, 15 : 44.70111651123593
40750, -73991, 40 : 44.617704338162085
40749, -73991, 33 : 44.56585242851955
40750, -73991, 35 : 44.54566906333841
40750, -73991, 36 : 44.44563018652564
40750, -73991, 38 : 44.219185508414796
40749, -73991, 17 : 44.11511695445719
40749, -73991, 16 : 44.113832380212855
40750, -73991, 37 : 44.08595012643921
40749, -73991, 35 : 43.983415050832036
40749, -73991, 36 : 43.78313324875032
40749, -73991, 38 : 43.776563304886636
40749, -73991, 40 : 43.634368707773696
40749, -73991, 37 : 43.58982912794484
40750, -73991, 42 : 43.46920507109986
40750, -73991, 39 : 43.39701791113511
40749, -73991, 42 : 43.19961518789131
40750, -73991, 41 : 43.1867812250755
40749, -73991, 47 : 43.16057624064478
40750, -73991, 52 : 43.062297654959856
117724
 data num : 174045672