40750, -73991, 10 : 68.96648313397418
40750, -73991, 11 : 68.48273974426743
40750, -73991, 12 : 67.66487020840373
40750, -73991, 13 : 67.49706367403505
40749, -73991, 12 : 66.79107149889701
40749, -73991, 11 : 66.75615287292052
40749, -73991, 13 : 66.36492255739188
40750, -73991, 9 : 66.31487007317573
40750, -73991, 8 : 65.92089833786571
40750, -73991, 14 : 65.84811197421624
40750, -73991, 15 : 65.72765984030622
40750, -73991, 7 : 65.57249776089873
40749, -73991, 10 : 65.37863124609692
40750, -73991, 17 : 65.06058899097764
40750, -73991, 16 : 64.73125734255272
40749, -73991, 14 : 64.39748464761155
40749, -73991, 15 : 63.87453124932577
40750, -73991, 6 : 63.40424072215449
40749, -73991, 16 : 63.37546046274156
40749, -73991, 17 : 63.22647043220854
40749, -73991, 9 : 62.88414403656346
40750, -73991, 18 : 62.880162558089246
40749, -73991, 8 : 62.85742896898826
40749, -73991, 18 : 62.48827774855841
40749, -73991, 20 : 62.29417235615521
40749, -73991, 7 : 62.10266040721638
40750, -73991, 22 : 62.07995437875883
40750, -73991, 5 : 61.59818742804936
40750, -73991, 24 : 61.362010445017006
40750, -73991, 20 : 61.01051777379766
40750, -73991, 23 : 61.00232974726379
40750, -73991, 21 : 60.793948837383795
40750, -73991, 19 : 60.67498049889029
40749, -73991, 22 : 60.530299555591625
40749, -73991, 19 : 60.477835014469164
40749, -73991, 24 : 60.354589139089725
40749, -73991, 23 : 60.31847710420019
40750, -73991, 4 : 60.06921223676641
40749, -73991, 21 : 59.5422358624363
40749, -73991, 5 : 59.24117530843162
40749, -73991, 6 : 59.19640656377899
40750, -73991, 25 : 58.9738673905255
40749, -73991, 25 : 57.72621479998849
40750, -73991, 2 : 57.35572387366016
40749, -73991, 2 : 56.73145109346649
40749, -73991, 27 : 56.69296953212727
40749, -73991, 4 : 56.28920563633354
40749, -73991, 26 : 55.76655808447423
40750, -73991, 27 : 55.33955282856189
40750, -73991, 1 : 54.53711856027505
134152
 data num : 174045672