40750, -73991, 10 : 65.33099852581911
40750, -73991, 11 : 64.97406087550112
40750, -73991, 13 : 64.41342259416997
40750, -73991, 12 : 64.35608200781309
40749, -73991, 12 : 63.424587656005436
40749, -73991, 13 : 63.22507193117204
40749, -73991, 11 : 63.18808129150806
40750, -73991, 14 : 63.02483874247842
40750, -73991, 15 : 62.967036110070076
40750, -73991, 9 : 62.571337385897685
40750, -73991, 8 : 62.25198230092301
40750, -73991, 7 : 61.97668545359306
40750, -73991, 17 : 61.77478662204549
40750, -73991, 16 : 61.7218678403741
40749, -73991, 10 : 61.68274650720499
40749, -73991, 14 : 61.51970910120397
40749, -73991, 15 : 61.060065295118655
40749, -73991, 16 : 60.30931978189422
40750, -73991, 6 : 59.880908402866716
40749, -73991, 17 : 59.880830682767126
40750, -73991, 18 : 59.367142481479995
40749, -73991, 8 : 59.12976454889469
40749, -73991, 9 : 59.07994481668329
40749, -73991, 18 : 58.91285239426751
40749, -73991, 7 : 58.44996605436843
40749, -73991, 20 : 58.40209143639401
40750, -73991, 22 : 58.38382481625795
40750, -73991, 5 : 58.11695839389601
40750, -73991, 24 : 57.805498806786325
40750, -73991, 23 : 57.38776493503119
40750, -73991, 20 : 57.18451658958362
40750, -73991, 19 : 57.01964536551419
40750, -73991, 21 : 57.01677806014528
40749, -73991, 22 : 56.76962823489311
40749, -73991, 19 : 56.758299584318884
40749, -73991, 24 : 56.73685836647758
40750, -73991, 4 : 56.69223462058788
40749, -73991, 23 : 56.64129769987491
40749, -73991, 5 : 55.706471347385815
40749, -73991, 21 : 55.69907260769323
40749, -73991, 6 : 55.61788412299895
40750, -73991, 25 : 55.52758927984034
40749, -73991, 25 : 54.22095845300661
40750, -73991, 2 : 54.13561443409609
40749, -73991, 2 : 53.464092841274784
40749, -73991, 27 : 53.38293463506556
40749, -73991, 4 : 52.86093305653288
40749, -73991, 26 : 52.35284192224785
40750, -73991, 27 : 52.084018058736184
40752, -73978, 13 : 51.6216178175285
152626
 data num : 174045672