40750, -73991, 78 : 17.460390027245154
40750, -73991, 77 : 17.41835637187759
40750, -73991, 79 : 17.406526666717447
40749, -73991, 77 : 17.371541080198384
40749, -73991, 78 : 17.364343328790525
40749, -73991, 79 : 17.322227516522556
40750, -73991, 76 : 17.301117179134778
40750, -73991, 80 : 17.280629074017803
40750, -73991, 72 : 17.266736130226725
40749, -73991, 76 : 17.21701088149151
40749, -73991, 80 : 17.189912148570112
40750, -73991, 73 : 17.17376014451092
40750, -73991, 71 : 17.16986178786069
40750, -73991, 49 : 17.15821903009269
40750, -73991, 47 : 17.146639744117977
40750, -73991, 50 : 17.13231679199085
40750, -73991, 46 : 17.12859755772557
40749, -73991, 72 : 17.127793749903212
40750, -73991, 48 : 17.123590326114993
40750, -73991, 75 : 17.12011034664303
40750, -73990, 78 : 17.06906231579975
40749, -73991, 73 : 17.065850238270396
40750, -73991, 15 : 17.0591376378293
40750, -73991, 16 : 17.05838335925382
40750, -73990, 77 : 17.03483839803094
40749, -73991, 49 : 17.03310321644331
40750, -73990, 79 : 17.029499680573345
40749, -73991, 71 : 17.019474973715724
40750, -73991, 74 : 17.013982703645393
40749, -73991, 75 : 17.008965235804574
40749, -73991, 74 : 16.996571894869074
40749, -73991, 48 : 16.979524240335163
40749, -73991, 81 : 16.97344843494979
40750, -73991, 81 : 16.965599294606204
40750, -73991, 45 : 16.96487933818431
40750, -73991, 51 : 16.96475030962665
40749, -73991, 50 : 16.959226526646827
40749, -73991, 47 : 16.945018850152426
40749, -73991, 15 : 16.935957698669217
40749, -73991, 16 : 16.91530688520425
40750, -73991, 14 : 16.915086876601027
40750, -73990, 76 : 16.892226301161518
40749, -73991, 46 : 16.887488590899636
40750, -73991, 93 : 16.879405339654923
40750, -73991, 70 : 16.865442203526676
40749, -73991, 14 : 16.864414471303956
40749, -73991, 93 : 16.86199952748998
40750, -73990, 80 : 16.860987812454844
40749, -73990, 78 : 16.843562710535437
40750, -73991, 94 : 16.834549978862093
336158
 data num : 174045672