-73991, 40749, 1 : 60.60494274594332
-73991, 40750, 1 : 60.40947903036842
-73991, 40749, 0 : 60.32882317568896
-73991, 40750, 0 : 60.28140024991822
-73992, 40749, 0 : 58.35676593174054
-73992, 40749, 1 : 58.1531272344648
-73992, 40750, 0 : 57.66696708585242
-73992, 40750, 1 : 57.61255110017637
-73991, 40750, 2 : 57.555281860432224
-73991, 40749, 2 : 57.464645895156565
-73992, 40749, 2 : 56.39591381267126
-73992, 40750, 2 : 55.863585286966995
-73990, 40750, 0 : 55.62961619759336
-73990, 40750, 1 : 55.50516553360397
-73990, 40749, 0 : 53.876218624080586
-73990, 40750, 2 : 53.6660898927714
-73990, 40749, 1 : 53.5066957160295
-73992, 40751, 0 : 52.36210365886703
-73993, 40751, 0 : 52.35382428102903
-73990, 40749, 2 : 52.28210385547299
-73993, 40750, 0 : 52.18065713703178
-73992, 40748, 0 : 52.09163956338497
-73993, 40751, 1 : 51.8847024888753
-73993, 40750, 1 : 51.815270071390444
-73992, 40748, 1 : 51.343732435053475
-73992, 40751, 2 : 51.256543165651706
-73992, 40751, 1 : 51.16699407184667
-73991, 40751, 0 : 51.108361380384785
-73991, 40748, 0 : 50.968005273326014
-73993, 40750, 2 : 50.829184786237256
-73993, 40751, 2 : 50.786845273681024
-73992, 40748, 2 : 50.65063757679687
-73990, 40751, 0 : 50.426776119096175
-73991, 40751, 1 : 50.0321503650277
-73991, 40751, 2 : 49.90098983035122
-73991, 40748, 1 : 49.827830883412794
-73991, 40748, 2 : 49.7647933168534
-73990, 40751, 1 : 49.48458348968701
-73993, 40749, 0 : 49.1051083217815
-73990, 40751, 2 : 49.07302644389133
-73990, 40748, 0 : 48.80624762096595
-73993, 40749, 2 : 48.05996046028842
-73990, 40748, 2 : 47.90460616635589
-73977, 40752, 0 : 47.863804609307884
-73993, 40749, 1 : 47.789872841111915
-73990, 40748, 1 : 47.2115608628875
-73977, 40752, 1 : 46.92821980290788
-73977, 40753, 0 : 46.82035233983723
-73978, 40752, 0 : 46.71664490994833
-73993, 40752, 0 : 46.53563769634249
75223