-73991, 40750, 78 : 126.42281033781359
-73991, 40750, 77 : 126.20457742099062
-73991, 40750, 79 : 125.88768842091207
-73991, 40749, 77 : 125.85995031557263
-73991, 40749, 78 : 125.72789137268659
-73991, 40750, 76 : 125.39612127026443
-73991, 40749, 79 : 125.2719765047572
-73991, 40750, 72 : 125.17160152291414
-73991, 40749, 76 : 124.7842056090835
-73991, 40750, 80 : 124.72010391416578
-73991, 40750, 73 : 124.50138818091507
-73991, 40750, 71 : 124.46646289612858
-73991, 40750, 49 : 124.39488458807251
-73991, 40750, 47 : 124.3084107298096
-73991, 40750, 50 : 124.20883216522613
-73991, 40750, 46 : 124.17657642789646
-73991, 40749, 72 : 124.16162816507244
-73991, 40750, 48 : 124.13875178689429
-73991, 40750, 75 : 124.10717010841825
-73991, 40749, 80 : 124.05830820704026
-73991, 40749, 73 : 123.71151483753621
-73991, 40750, 15 : 123.66276607187709
-73991, 40750, 16 : 123.65045169865833
-73990, 40750, 78 : 123.57592990481123
-73991, 40749, 49 : 123.47895471850678
-73990, 40750, 77 : 123.412446715245
-73991, 40749, 71 : 123.37532482080348
-73991, 40750, 74 : 123.34626243057876
-73991, 40749, 75 : 123.29459368938502
-73991, 40749, 74 : 123.21378591756577
-73990, 40750, 79 : 123.14098026602058
-73991, 40749, 48 : 123.09103452705621
-73991, 40750, 51 : 122.98867343192462
-73991, 40750, 45 : 122.98585634089343
-73991, 40749, 50 : 122.94910792941077
-73991, 40749, 47 : 122.8387493100265
-73991, 40749, 15 : 122.76784922784863
-73991, 40750, 14 : 122.61795017085818
-73991, 40749, 16 : 122.61232591444349
-73991, 40749, 46 : 122.4215469157405
-73990, 40750, 76 : 122.42078123746126
-73991, 40750, 70 : 122.25898419470445
-73991, 40749, 14 : 122.25602489056017
-73991, 40749, 81 : 122.06457493287057
-73991, 40750, 81 : 122.01116345100827
-73990, 40749, 78 : 121.9363608871266
-73991, 40749, 51 : 121.89152225886401
-73990, 40750, 72 : 121.87667445958506
-73990, 40750, 47 : 121.8469366701898
-73991, 40750, 17 : 121.81265471682529
388605