-73991, 40750, 16 : 174.2000372904733
-73991, 40750, 17 : 173.82311698597672
-73991, 40750, 14 : 173.7548058066111
-73991, 40750, 15 : 173.68939579259154
-73991, 40750, 13 : 173.17618441772913
-73991, 40749, 15 : 172.989341058248
-73991, 40749, 14 : 172.9696435441714
-73991, 40749, 16 : 172.93797831348058
-73991, 40749, 17 : 172.86550214610986
-73991, 40750, 18 : 172.3958943144392
-73991, 40749, 13 : 172.25699085932928
-73991, 40749, 18 : 171.89125687428904
-73991, 40750, 12 : 171.68198033649855
-73991, 40750, 19 : 170.7440295339223
-73991, 40749, 12 : 170.58241432157584
-73991, 40749, 19 : 170.3089249449451
-73990, 40750, 15 : 170.03235133938747
-73990, 40750, 16 : 170.02842972137609
-73990, 40750, 14 : 169.87783867691385
-73991, 40750, 11 : 169.63687866978674
-73991, 40750, 20 : 169.49819655563306
-73990, 40750, 17 : 169.49102146571127
-73990, 40750, 13 : 169.20397381294947
-73991, 40749, 20 : 169.13284409848538
-73991, 40749, 11 : 168.93946618307092
-73990, 40750, 18 : 168.48953898277247
-73991, 40750, 10 : 168.27442531838167
-73991, 40750, 21 : 168.02648645996814
-73990, 40750, 12 : 167.70774222812153
-73990, 40749, 15 : 167.64128628315297
-73991, 40749, 10 : 167.63213243888902
-73992, 40749, 15 : 167.56410881047037
-73992, 40749, 16 : 167.53953736121446
-73991, 40749, 21 : 167.44342531989545
-73990, 40749, 16 : 167.39094274152853
-73992, 40749, 14 : 167.29997102115817
-73991, 40750, 9 : 167.29589040454582
-73990, 40749, 14 : 167.29559985835203
-73992, 40749, 17 : 167.28248584664593
-73990, 40750, 19 : 166.956147892549
-73990, 40749, 17 : 166.92061274184164
-73992, 40749, 13 : 166.54946641417013
-73990, 40749, 13 : 166.48273041261342
-73992, 40749, 18 : 166.28856432154805
-73990, 40749, 18 : 166.25390774777884
-73991, 40749, 9 : 165.98852871027913
-73990, 40750, 11 : 165.85470156559992
-73992, 40750, 15 : 165.78605830762862
-73992, 40750, 16 : 165.5973775914017
-73990, 40750, 20 : 165.59530467201407
1834742