-73991, 40750, 0 : 19.557640733442348
-73991, 40750, 1 : 19.342331018727624
-73991, 40749, 0 : 19.207356750517356
-73991, 40749, 1 : 18.670120491449463
-73991, 40750, 2 : 16.79913214088403
-73991, 40749, 2 : 16.79796854708352
-73993, 40751, 1 : 16.450263592954595
-73994, 40751, 1 : 14.573567209665516
-73994, 40751, 0 : 14.229016313336029
-73994, 40750, 0 : 13.651200282504083
-73994, 40750, 1 : 13.635467529441588
-73994, 40750, 2 : 13.029822704845733
-73990, 40756, 0 : 12.305405131043289
-73989, 40756, 0 : 11.979458031541697
-73990, 40756, 1 : 11.923084794981134
-73977, 40752, 1 : 11.815389806203449
-73978, 40752, 1 : 11.517237413495964
-73978, 40752, 0 : 11.074472012028933
-73990, 40756, 2 : 10.74213152741178
-73976, 40751, 1 : 10.68014250932621
-73975, 40752, 1 : 10.481839743281505
-73978, 40762, 1 : 10.338444345830936
-73973, 40763, 1 : 10.139988270805405
-73973, 40763, 0 : 9.993578806732748
-73973, 40764, 0 : 8.985109547057037
-73776, 40645, 0 : 8.718660005642391
-73987, 40760, 1 : 8.548628486245006
-73988, 40748, 1 : 8.534851646967821
-73870, 40773, 1 : 8.395167225944471
-73870, 40773, 0 : 8.273322784426178
-73872, 40774, 1 : 8.044044645974308
-73873, 40774, 1 : 8.005109145184644
-73862, 40768, 1 : 7.659645673944891
-73776, 40645, 1 : 7.602913202994413
-73874, 40774, 1 : 7.119077830321385
-73782, 40644, 1 : 7.004510445808808
-73782, 40644, 0 : 6.818401660856396
-73781, 40644, 0 : 6.637135304675709
-73863, 40769, 0 : 6.545266895694657
-73863, 40769, 1 : 6.353273875426575
-73987, 40738, 1 : 6.276968637761239
-73965, 40762, 1 : 6.241886076392528
-73782, 40644, 2 : 6.22390256500009
-73776, 40645, 2 : 5.981207159637026
-74005, 40740, 0 : 5.434345781079962
-73955, 40779, 1 : 5.227064223994588
-73955, 40779, 0 : 5.21407886405765
-74005, 40740, 2 : 5.199532300679794
-74002, 40739, 1 : 3.937472147496242
-74006, 40733, 1 : 1.833059312453248
4843