-73991, 40750, 0 : 19.557640733442348
-73991, 40750, 1 : 19.342331018727624
-73991, 40749, 0 : 19.207356750517356
-73991, 40749, 1 : 18.670120491449463
-73992, 40750, 0 : 18.39688003936282
-73992, 40750, 1 : 18.317109434529883
-73992, 40749, 1 : 18.22852338320625
-73992, 40749, 0 : 18.168079577321194
-73992, 40749, 2 : 16.83511457697117
-73990, 40750, 1 : 16.829027626446955
-73991, 40750, 2 : 16.79913214088403
-73991, 40749, 2 : 16.79796854708352
-73992, 40750, 2 : 16.744307626987986
-73990, 40750, 0 : 16.652089968491367
-73993, 40751, 0 : 16.607463424453314
-73993, 40751, 1 : 16.450263592954595
-73993, 40750, 0 : 16.08502320326554
-73992, 40751, 1 : 16.034933524550123
-73993, 40750, 1 : 15.779478002356035
-73990, 40749, 1 : 15.76320843339037
-73990, 40749, 0 : 15.741447065856482
-73993, 40751, 2 : 15.65314806535634
-73991, 40751, 0 : 15.506415018898961
-73990, 40750, 2 : 15.164169593002857
-73993, 40752, 0 : 15.148331674697253
-73993, 40750, 2 : 15.115128971365642
-73991, 40751, 1 : 14.912206507099537
-73992, 40748, 1 : 14.845420361454135
-73990, 40749, 2 : 14.632026859819236
-73992, 40748, 0 : 14.606998341708955
-73994, 40751, 1 : 14.573567209665516
-73993, 40752, 1 : 14.437563067409453
-73990, 40751, 0 : 14.387105943049407
-73992, 40748, 2 : 14.333391998932271
-73994, 40751, 0 : 14.229016313336029
-73991, 40751, 2 : 14.223492891181301
-73993, 40749, 0 : 14.131261733157535
-73993, 40749, 2 : 14.103049658315818
-73991, 40748, 0 : 14.079471305550383
-73992, 40752, 0 : 14.026555569525907
-73993, 40752, 2 : 13.999128112934411
-73990, 40751, 1 : 13.985842689535673
-73991, 40748, 1 : 13.941502680478616
-73993, 40749, 1 : 13.804124845641422
-73994, 40750, 0 : 13.651200282504083
-73994, 40750, 1 : 13.635467529441588
-73990, 40751, 2 : 13.487456260103693
-73994, 40751, 2 : 13.255816396871127
-73992, 40752, 1 : 13.050531301023964
-73994, 40750, 2 : 13.029822704845733
23405