40750, -73991, 2 : 116.83811816272099
40750, -73991, 1 : 116.75259243163272
40750, -73991, 3 : 114.00173352721963
40749, -73991, 2 : 113.73758321727048
40749, -73991, 1 : 112.7903377823955
40750, -73991, 4 : 111.84814109197673
40749, -73991, 3 : 111.54430765060174
40750, -73991, 5 : 111.12960378096827
40749, -73991, 4 : 109.39243178847394
40749, -73991, 5 : 108.23202836265757
40750, -73990, 1 : 103.74409844063929
40750, -73990, 2 : 103.72824538304677
40750, -73990, 3 : 100.97072213595148
40749, -73992, 2 : 99.70187167921563
40750, -73990, 4 : 98.68424674662101
40749, -73992, 1 : 98.65890204945082
40750, -73992, 2 : 98.30104704239432
40750, -73990, 5 : 98.2194593319819
40749, -73992, 3 : 98.10303528482159
40750, -73992, 1 : 98.06173655516974
40749, -73992, 4 : 96.78036521218247
40750, -73992, 3 : 96.34385076649816
40749, -73990, 2 : 95.73477023530043
40749, -73992, 5 : 95.67034825603913
40750, -73992, 4 : 95.06237844862177
40749, -73990, 1 : 94.95978796127149
40750, -73992, 5 : 94.50025124086683
40750, -73991, 0 : 94.15761641779675
40749, -73990, 3 : 93.82159901106247
40749, -73990, 4 : 91.94053780156604
40749, -73990, 5 : 91.26067387309217
40749, -73991, 0 : 90.59574949211323
40750, -73990, 0 : 83.65726932641643
40749, -73992, 0 : 79.21130453767786
40750, -73992, 0 : 78.95531312957547
40750, -73991, 6 : 77.06340251243844
40751, -73990, 2 : 76.74593746103167
40751, -73990, 1 : 76.59831217313196
40749, -73990, 0 : 76.26678500776589
40749, -73991, 6 : 74.97291938289823
40751, -73990, 3 : 73.62944848309952
40751, -73991, 1 : 73.60571938415531
40751, -73991, 2 : 73.59855016702748
40750, -73993, 2 : 72.6196995918566
40750, -73993, 3 : 71.93256547136579
40750, -73993, 4 : 71.85855087763768
40748, -73992, 2 : 71.81442485109037
40751, -73990, 4 : 71.40032683079164
40748, -73992, 3 : 71.25512494023091
40750, -73993, 1 : 71.10053238498162
132157
 data num : 174045627