40750, -73991, 0 : 1215.0220629796377
40749, -73991, 0 : 1201.2162537118413
40749, -73992, 0 : 1091.1318709777254
40750, -73990, 0 : 1080.9067777138596
40750, -73992, 0 : 1018.6826690768224
40749, -73990, 0 : 1001.0099846704027
40751, -73990, 0 : 971.5104435130456
40748, -73992, 0 : 953.5462933215099
40752, -73978, 0 : 934.9784088585246
40748, -73991, 0 : 928.8232671485517
40751, -73991, 0 : 927.5927438116051
40752, -73977, 0 : 926.9474219718597
40751, -73992, 0 : 903.5502639916643
40751, -73976, 0 : 898.1947045071256
40753, -73977, 0 : 894.3734880546359
40751, -73993, 0 : 892.6267187701508
40751, -73977, 0 : 892.5299696653567
40750, -73993, 0 : 892.2413406668313
40752, -73976, 0 : 885.8611048592368
40748, -73990, 0 : 880.3057690761018
40752, -73975, 0 : 878.1981550855252
40753, -73978, 0 : 872.6964356615949
40756, -73974, 0 : 871.1633129737938
40749, -73993, 0 : 865.1841706787976
40750, -73994, 0 : 861.3558736868384
40753, -73976, 0 : 858.2450663174105
40751, -73978, 0 : 858.1479021791569
40755, -73975, 0 : 851.0439329124398
40757, -73973, 0 : 844.9036338687463
40749, -73989, 0 : 841.8060886775669
40756, -73973, 0 : 841.1490430292877
40755, -73973, 0 : 839.8651193450374
40756, -73972, 0 : 839.7104767338409
40751, -73975, 0 : 837.434052645996
40755, -73974, 0 : 836.0937959925928
40754, -73976, 0 : 834.9887162184913
40750, -73989, 0 : 833.0021365107524
40754, -73977, 0 : 828.722924686058
40756, -73990, 0 : 826.3540122080378
40748, -73989, 0 : 825.8184952072277
40757, -73974, 0 : 824.2231995918662
40756, -73975, 0 : 822.071937396157
40754, -73975, 0 : 821.3568774498624
40753, -73975, 0 : 821.2332645392551
40752, -73979, 0 : 820.7894700617423
40758, -73972, 0 : 817.6580594703075
40757, -73972, 0 : 816.8650615175942
40751, -73989, 0 : 814.778509917331
40754, -73974, 0 : 809.567033216958
40757, -73971, 0 : 809.3817542859558
93759
 data num : 174045672