40750, -73991, 16 : 62.17117132254733
40750, -73991, 71 : 61.96824228977041
40750, -73991, 72 : 61.93680258046694
40750, -73991, 93 : 61.12222829396802
40750, -73991, 8 : 60.82926736636753
40750, -73991, 191 : 60.53201920568021
40750, -73991, 170 : 60.34481002755501
40750, -73991, 79 : 60.27478522047002
40750, -73991, 77 : 60.05042002225891
40749, -73991, 72 : 59.85749453335127
40749, -73991, 71 : 59.68457613218221
40750, -73991, 86 : 59.68171797679098
40749, -73991, 93 : 59.64170380131384
40750, -73991, 15 : 59.437345690841305
40749, -73991, 16 : 59.40447690384222
40750, -73991, 78 : 59.32016131980111
40749, -73991, 77 : 58.809980582467574
40750, -73991, 51 : 58.49415441173729
40749, -73991, 79 : 58.41412606078301
40750, -73991, 171 : 58.396977128435665
40750, -73991, 9 : 58.364108341436584
40750, -73991, 76 : 58.344101253698014
40750, -73991, 49 : 58.29265445665598
40750, -73991, 58 : 58.26121474735251
40749, -73991, 191 : 58.244065815005165
40750, -73991, 94 : 58.235491348831495
40750, -73991, 156 : 58.22834596035343
40749, -73991, 86 : 58.22120057187537
40750, -73991, 50 : 58.21691333878854
40750, -73991, 17 : 58.14688853170354
40750, -73991, 85 : 58.14545945400793
40750, -73991, 80 : 58.095441734661506
40750, -73991, 57 : 58.095441734661506
40749, -73991, 170 : 58.075434646922936
40750, -73991, 199 : 58.06543110305365
40750, -73991, 205 : 58.0597147922712
40749, -73991, 8 : 58.01398430601161
40750, -73991, 22 : 57.88822546879774
40749, -73991, 78 : 57.78819003010489
40750, -73991, 190 : 57.73245599997602
40750, -73991, 14 : 57.62098793971827
40750, -73991, 169 : 57.5652539095894
40750, -73991, 73 : 57.52381065641664
40750, -73991, 23 : 57.50237449098246
40750, -73991, 92 : 57.47379293707022
40750, -73991, 98 : 57.40948444076768
40750, -73991, 192 : 57.33945963368268
40750, -73991, 70 : 57.30801992437921
40750, -73991, 29 : 57.285154681249416
40750, -73991, 128 : 57.24514050577228
137300
 data num : 174045627