-73991, 40750, 2 : 141.83514807810135
-73991, 40750, 1 : 141.1846284743066
-73991, 40749, 2 : 140.74923036258082
-73991, 40749, 1 : 140.36600684088538
-73991, 40750, 3 : 138.0920438797508
-73992, 40749, 2 : 137.11899530518608
-73991, 40749, 3 : 136.89202831279746
-73990, 40750, 2 : 136.01831268919304
-73991, 40750, 0 : 135.38388645938778
-73992, 40750, 2 : 135.11355273261734
-73992, 40749, 1 : 134.90052721664017
-73990, 40750, 1 : 134.7253195510155
-73991, 40749, 0 : 134.6707729867976
-73990, 40749, 2 : 133.1665234424366
-73992, 40750, 1 : 132.41080143238307
-73992, 40749, 3 : 132.36416542123533
-73990, 40750, 3 : 132.09706270814374
-73990, 40749, 1 : 131.34587139163432
-73992, 40750, 3 : 130.01728840749016
-73990, 40750, 0 : 129.61353661170068
-73990, 40749, 3 : 128.93916400296567
-73992, 40749, 0 : 128.918391419928
-73991, 40750, 4 : 128.402523243343
-73991, 40749, 4 : 126.9866036450056
-73990, 40751, 2 : 126.61430330557442
-73991, 40751, 2 : 126.50022780660525
-73990, 40749, 0 : 126.32258958155353
-73992, 40750, 0 : 126.1608450355663
-73992, 40748, 2 : 125.48410767398829
-73992, 40751, 2 : 125.33791204891234
-73990, 40751, 1 : 125.32297273964572
-73991, 40748, 2 : 125.27206217409345
-73991, 40751, 1 : 124.59280606207186
-73991, 40748, 1 : 123.77617974919924
-73992, 40748, 1 : 123.47796076991442
-73990, 40751, 3 : 123.44660668379568
-73991, 40751, 3 : 122.91882823021426
-73990, 40750, 4 : 122.64151697268372
-73992, 40751, 1 : 122.20710421723564
-73990, 40748, 2 : 122.20371719921324
-73990, 40751, 0 : 122.05710924528822
-73992, 40749, 4 : 121.76736418438266
-73991, 40748, 3 : 121.4163786796756
-73992, 40748, 3 : 121.33568573547258
-73992, 40751, 3 : 120.93059203673954
-73991, 40751, 0 : 120.68316121062115
-73993, 40750, 2 : 120.54814019455351
-73977, 40752, 2 : 120.23655224793754
-73991, 40748, 0 : 120.17970590351271
-73990, 40748, 1 : 120.1131235301252
350609