-73991, 40750, 1 : 106.97932705724136
-73991, 40750, 0 : 106.52301239355269
-73991, 40749, 1 : 105.81845320874726
-73991, 40749, 0 : 105.55973231151489
-73991, 40750, 2 : 101.19170987295523
-73992, 40749, 0 : 100.76665477996126
-73992, 40749, 1 : 100.2054768254153
-73991, 40749, 2 : 100.09590630915251
-73990, 40750, 0 : 99.87458652006926
-73990, 40750, 1 : 99.76530949130057
-73992, 40750, 0 : 98.0783610148992
-73992, 40750, 1 : 97.75268361190012
-73992, 40749, 2 : 96.75468171501129
-73990, 40749, 0 : 96.01172572584501
-73990, 40750, 2 : 95.83463707259024
-73990, 40749, 1 : 95.59796391572951
-73992, 40750, 2 : 94.94665404512766
-73990, 40749, 2 : 93.01074499910045
-73990, 40751, 0 : 91.38313529652761
-73991, 40751, 0 : 90.31737060011083
-73992, 40748, 0 : 90.162151009306
-73990, 40751, 1 : 90.02965688599451
-73991, 40748, 0 : 89.37202453165699
-73992, 40751, 0 : 88.96872696993782
-73991, 40751, 1 : 88.84910153376914
-73992, 40748, 1 : 88.59239096425108
-73990, 40751, 2 : 88.42647178882467
-73991, 40751, 2 : 87.96874010518955
-73992, 40748, 2 : 87.5357261715041
-73991, 40748, 1 : 87.47708338693786
-73992, 40751, 2 : 87.22393724336182
-73991, 40748, 2 : 86.88026177287182
-73992, 40751, 1 : 86.76442917044918
-73993, 40750, 0 : 86.17227210647636
-73990, 40748, 0 : 86.12070471633935
-73977, 40752, 0 : 85.77854849508815
-73993, 40751, 0 : 85.086858619125
-73993, 40750, 1 : 84.86913366085734
-73977, 40753, 0 : 84.62124932522569
-73978, 40752, 0 : 84.41672081867891
-73990, 40748, 2 : 84.41578282515695
-73993, 40750, 2 : 84.15328125447185
-73977, 40752, 1 : 83.98155717504916
-73990, 40748, 1 : 83.51267433298044
-73993, 40751, 1 : 83.44231846377738
-73993, 40749, 0 : 83.42075324485134
-73989, 40749, 0 : 83.39975901051463
-73978, 40752, 1 : 83.3124334064347
-73993, 40751, 2 : 83.11021718634909
-73976, 40752, 0 : 83.082885702784
235157