-73991, 40750, 1 : 106.97247340410057
-73991, 40750, 0 : 106.51562626492475
-73991, 40749, 1 : 105.81149854293193
-73991, 40749, 0 : 105.55223726703329
-73991, 40750, 2 : 101.18432565680398
-73992, 40749, 0 : 100.75957467128686
-73992, 40749, 1 : 100.19890742978845
-73991, 40749, 2 : 100.0884132432115
-73990, 40750, 0 : 99.86707737847094
-73990, 40750, 1 : 99.75834181971061
-73992, 40750, 0 : 98.07126437205456
-73992, 40750, 1 : 97.74609876323854
-73992, 40749, 2 : 96.74760303010957
-73990, 40749, 0 : 96.00396040860036
-73990, 40750, 2 : 95.82712940788507
-73990, 40749, 1 : 95.5907585798665
-73992, 40750, 2 : 94.93955850359899
-73990, 40749, 2 : 93.00298078726087
-73990, 40751, 0 : 91.3760351870667
-73991, 40751, 0 : 90.31034976742002
-73992, 40748, 0 : 90.15494257467455
-73990, 40751, 1 : 90.02306911850307
-73991, 40748, 0 : 89.36434872901144
-73992, 40751, 0 : 88.9619896882249
-73991, 40751, 1 : 88.84258733840004
-73992, 40748, 1 : 88.58570272170424
-73990, 40751, 2 : 88.41937274581038
-73991, 40751, 2 : 87.96172010294693
-73992, 40748, 2 : 87.52851868001382
-73991, 40748, 1 : 87.46996154526173
-73992, 40751, 2 : 87.2172005668429
-73991, 40748, 2 : 86.87258688377904
-73992, 40751, 1 : 86.75817831014228
-73993, 40750, 0 : 86.16536614477438
-73990, 40748, 0 : 86.11267607175157
-73977, 40752, 0 : 85.77217164417667
-73993, 40751, 0 : 85.08025610168512
-73993, 40750, 1 : 84.86272593574448
-73977, 40753, 0 : 84.61504228773579
-73978, 40752, 0 : 84.41038796526443
-73990, 40748, 2 : 84.40775481547571
-73993, 40750, 2 : 84.14637598162827
-73977, 40752, 1 : 83.97564072422833
-73990, 40748, 1 : 83.50522527817847
-73993, 40751, 1 : 83.43619242133971
-73993, 40749, 0 : 83.4138941492254
-73989, 40749, 0 : 83.39189142959503
-73978, 40752, 1 : 83.3065575495172
-73993, 40751, 2 : 83.10361533486743
-73976, 40752, 0 : 83.07636571637416
94712